883
1489
1480
331
510
6903
9038
4813
6158
6980
7014
7020
8305
2225
8035
6194
3456
7694
6442
891
5816
5879
1773
3633
2402
2981
917
2559
9345
2000
9547
7975
5320
5634
8755
1151
7765
6199
8821
7829
8702
4897
2425
7828
2599
1991
367
5471
9005
573
4504
5162
6737
735
228
4152
9172
9256
8249
9854
7644
7807
6348
5926
1440
3408
912
1553
774
6217
6056
5332
2550
2043
6346
8083
1883
5056
6579
3179
2070
796
2049
4552
6350
9755
4560
4711
9976
4122
6564
6182
3214
7314
2016
4040
5247
6431
5505
1924
1732
2144
6651
6685
9050
535
654
5597
9985
8543
7971
6746
4912
237
9145
3562
2898
8622
5414
7091
785
3040
5356
6523
9245
2846
4331
6830
9561
4051
6204
4574
4659
9808
6721
8805
7998
7528
6823
2774
7438
6888
3189
1969
2063
1604
4420
9509
6626
7453
4218
2271
8996
62
7540
9921
4477
7798
6480
5438
1186
4000
2644
5138
2392
9421
9951
767
7878
7588
6410
418
4597
9920
2011
4387
3239
4903
710
5547
5041
2010
6943
9104
758
7384
656
9740
4865
4382
419
9916
494
2009
8894
9028
5510
9724
3961
240
1078
3805
1068
837
1963
6537
7321
6869
7691
8232
7139
Kollision bei: 2225