259
9484
3036
8345
6059
1829
5721
8580
4662
8956
6509
6771
1524
4770
6670
202
7489
5774
4847
3711
9207
8911
2171
4834
4961
2365
5307
3757
1259
6171
9687
7561
7717
6395
41
3002
5958
3725
6605
6968
61
5910
4340
5388
1635
4569
2600
7923
4493
9172
9418
9666
2365
2778
7639
1126
1335
1768
8873
9270
4385
1814
5962
8616
1892
9565
6947
9292
2032
79
6882
8329
5563
1447
3530
1874
6473
7566
3764
9349
8280
167
6644
3248
755
232
6966
6128
6198
5365
5799
6503
561
4827
6000
4937
6005
7093
6909
323
9915
2495
9948
7497
404
3205
9713
9707
6347
1958
2231
7971
8775
7835
4608
8605
2364
2830
8669
5619
577
9048
4745
1732
7405
5595
6783
5729
1003
6601
3853
5716
1004
6447
3760
717
219
4210
334
5610
9275
3428
6003
5458
541
6403
7251
2830
4798
63
4495
9396
5629
1845
7250
4994
7147
4732
683
3059
4698
4635
6277
2001
9784
8758
6097
9768
405
771
6517
7059
3295
6045
8494
4101
3727
532
3169
1893
9628
511
8256
7335
878
9952
6792
2643
1853
5218
6
1045
5256
4033
7322
4208
5249
8757
787
7935
4693
5469
7466
7994
1017
5764
5355
3793
6624
2723
5918
1512
7162
1251
8676
9711
7895
9612
8445
4701
1017
1967
9942
3177
9350
7965
5359
452
1772
5922
619
1270
1152
7890
9089
6963
5567
3214
8047
7802
4757
594
9534
1930
1692
5454
5936
6561
3004
8527
7462
9875
2113
522
7134
2195
3866
1124
8954
545
1358
4849
6748
496
7177
3303
4205
8067
9588
7454
6525
6723
5234
5478
3796
8447
1622
5669
2103
2369
7314
699
3862
1721
5403
1268
8419
5272
3896
6778
1533
1259
4521
5748
7370
226
6245
8128
3459
3260
3867
8888
1369
9473
5738
627
7413
5052
5612
699
2685
5074
7533
2646
7699
7891
9001
6563
4375
5388
5348
9763
5837
9127
8787
5122
7609
8816
3783
9568
391
9476
8090
4097
5975
3272
9730
7341
8245
8259
1714
6276
3831
8649
3168
1970
5055
2406
8193
7851
3040
3555
208
3843
4430
5431
4990
8172
9486
8109
4804
8653
44
3326
1204
8060
7244
8907
3581
7880
9560
9594
1580
5813
2408
1882
8287
132
943
3716
3126
142
3842
5344
8995
286
5396
6033
256
4232
2156
7598
6063
6362
9976
7918
6748
1821
3627
8639
9919
6296
7105
36
9678
3873
916
6952
8592
7584
5639
2147
8987
3923
7103
8264
2335
8104
8818
5144
6076
6634
471
8471
6333
9514
5485
5496
5784
377
8968
5736
4669
3344
4790
9460
8268
4445
3391
1640
4932
4858
9931
8534
5510
6171
7549
5327
8920
100
77
4880
5765
53
1108
9243
3089
9875
6560
3953
5851
8708
5463
4762
4891
8374
3065
881
4683
6396
734
4846
385
3318
7198
1425
1530
6924
6895
6632
3283
5992
8521
4173
7025
9725
5126
3167
16
2887
3509
6459
3881
6144
9709
2680
1260
3532
6862
1308
29
6434
7028
3981
939
104
3589
8184
8187
7786
7738
5384
1011
9574
2138
5347
4819
1655
6337
1815
9038
7867
9711
8620
5013
1715
2461
4358
4869
9416
3403
9434
3591
7492
9749
2970
1621
9908
1508
2767
8813
1384
4768
162
9198
9187
1123
2759
7470
4694
8809
310
8702
5124
4948
503
5493
8641
6891
1465
2441
5868
3330
8048
541
5430
8390
8345
4356
2829
127
9291
292
5482
1751
555
7029
7892
2985
3563
8616
2798
8291
5217
9797
1700
2198
1728
7820
5341
6908
1429
333
1389
4297
5840
1827
4938
9545
5261
1388
7305
153
4974
9220
3573
418
119
9854
2219
3713
4325
1428
916
1138
6780
3670
7824
7722
7787
5390
4651
3971
2366
9652
3231
8002
5152
6302
4582
8660
6891
7599
746
1159
2526
4128
9996
7830
8105
7853
3469
7900
7864
4102
8219
1498
986
5077
3740
7315
237
8447
1312
2212
5367
2995
4214
8737
8851
1504
3742
9179
8327
6516
2678
1278
4606
3454
7075
3894
6631
3717
5694
2113
1352
6802
7928
6127
8000
9495
8059
5031
3656
2355
4143
1108
9237
2174
4822
9852
6926
1151
3285
1056
8452
1805
9231
8511
1378
3089
5023
8166
2146
3051
2578
3554
9242
4332
9758
6518
5697
4144
4867
7944
130
3534
6365
2805
3276
392
9315
4549
3971
3165
2735
5737
7143
9502
4602
1841
4734
1566
6435
8698
5057
2962
5724
4805
2032
4855
5314
1362
4163
7939
1271
6219
9550
292
733
9709
8175
3525
7936
3665
6391
3471
1985
8730
3267
3980
1163
5574
6423
4007
7332
6519
3638
6895
7938
2796
4336
4345
3527
1864
9879
6101
1946
2868
2032
6985
931
1312
371
7738
5971
6836
3327
9386
9502
6757
718
3819
9238
2676
3791
5345
901
7568
1510
8597
8983
8571
668
1541
7969
9962
9940
3689
8722
1382
6028
9297
3188
2224
8028
7019
655
2530
4334
656
1563
752
5113
2238
5663
5932
7676
8784
4139
2153
4948
1513
7278
8456
7706
9711
9749
6830
6892
148
1617
487
5030
9201
6979
9331
9661
1643
1287
5934
4696
103
8794
718
555
3785
7290
7973
6961
9880
1785
1863
6453
1774
3948
6005
4397
4203
9574
3335
6180
3721
3164
9465
4563
5755
7717
2972
5339
5742
9088
3949
2769
9073
9154
7251
7862
177
2458
9250
7042
8573
5859
7516
6269
2025
5638
9959
3945
3278
3513
5242
1775
1341
6887
8721
7637
9924
2173
8192
5929
3786
1071
8979
6845
5332
1989
5876
6383
4282
3765
278
499
1427
9790
4702
2047
4381
494
2978
8115
1082
2513
9562
1443
7572
5414
98
1442
768
1295
5297
3980
3584
8246
8756
6753
3059
8407
9924
1193
8535
2446
9958
3432
8991
6253
9409
7408
7871
2105
842
3533
1076
1026
7403
7489
1729
6397
3250
3437
7539
1296
2501
7240
8214
9738
628
4031
4209
972
1639
3609
4333
4056
7334
5894
7139
1492
3943
8516
6771
2955
7970
4781
1728
4929
5265
7280
5816
6304
6355
5978
3026
8484
2336
161
4336
7455
4454
9677
6708
7945
6289
867
6799
232
3082
6096
7060
3352
246
6030
6124
9352
4351
7718
1714
305
3776
3698
5230
8243
3834
2109
8335
3181
964
5338
497
5849
1855
1278
9407
9426
1927
8171
4994
1874
7957
1417
1111
7549
9841
7779
4638
596
8661
6764
6446
7878
9341
780
1223
8730
6523
8939
2576
6577
2343
4696
9006
347
5011
8662
4694
7225
5676
5316
3033
3819
3804
6967
14
3189
3885
2215
8286
9490
4680
2547
7753
6549
2412
4833
4246
2008
9786
8662
8439
308
7980
6142
1434
8299
9798
5289
1644
7589
6612
3107
3817
1749
2467
8109
5935
4647
8093
3533
9520
4392
8492
1615
8533
9746
9487
9782
9999
9667
4090
8932
9161
2489
3175
785
4986
7516
6971
7211
1287
3991
6116
7739
5557
4373
5246
5008
3244
5380
3173
3930
4487
4489
740
5573
7863
8304
6332
7999
5415
9821
4464
6280
8555
6612
8173
3861
3442
3681
7431
4257
5114
2661
7519
7937
9154
9598
2273
3154
7866
1890
7433
2114
8439
7432
8725
2407
2836
9683
9510
6303
2882
9451
6880
4422
9711
5946
3905
814
2485
7376
1070
3246
7593
8307
1337
3577
3652
1382
2431
2137
4446
5845
7598
3416
5750
4794
35
7115
1790
7359
3601
1916
7107
7505
7166
7378
2315
6206
759
9663
2439
5243
7940
4245
8280
4452
9926
7062
910
7056
8477
1336
4667
927
9094
7105
7045
9876
3186
8164
5227
7497
7682
5463
2799
4676
6973
4768
4849
4676
1124
3244
9037
7127
6525
876
2395
4668
2187
4429
2820
4255
6479
1154
7988
7863
3608
7184
3659
632
741
9734
8925
9445
3835
3943
7945
8406
1203
1925
8247
6657
6714
3963
2410
184
4460
7175
3830
8543
4043
18
5851
9401
1401
9293
831
1454
1637
6619
8377
9419
2145
8725
281
6214
5874
3438
4134
9292
1666
2179
1728
7544
624
3950
9652
8962
3526
1208
9325
6786
3562
4648
8263
2944
5934
5389
8174
1210
9491
5171
3510
9745
8218
4022
6852
6896
6443
3552
9769
9881
7614
3024
9951
3998
3207
8682
60
2329
8031
788
5892
2825
5501
6292
3707
9817
5603
2452
3607
8575
2229
2431
6067
9838
8884
7819
2577
2840
6089
9027
1271
3923
3453
3631
1546
5206
3637
4930
440
6497
9355
7696
6831
4359
5895
7082
9259
5833
4412
8440
9901
6799
3871
9857
2151
5925
9859
842
9043
3873
2608
3881
691
845
9665
7060
6244
9717
1644
9595
3900
3006
109
1295
4514
1536
7836
2813
9836
5506
3933
3803
5459
7425
4246
4494
9396
5980
8106
5286
8896
47
8708
3558
6978
1498
9984
6531
4208
2366
3987
169
5051
3747
7290
6069
5409
8729
9312
546
9874
1369
1178
115
2927
1286
9708
7114
1198
8582
3422
3411
5226
6263
5353
4320
5288
7376
1900
161
9508
7589
6635
4063
8842
8246
7751
5030
3760
2805
7512
6941
2208
1058
1670
9955
148
8708
2135
2840
4666
8726
4323
8325
7703
4172
5316
5097
1832
3793
7753
6928
2131
4719
6154
2530
4716
8793
2661
4214
6563
4184
1543
97
7867
9536
8726
8943
7878
6239
4619
2685
220
1330
5469
5952
7258
6963
1464
245
6774
2898
6589
1110
2257
3311
6803
9670
6294
9730
7947
8457
8959
8039
2689
6723
7654
5449
7806
796
2425
7850
8139
3916
3975
860
5744
4601
3175
2367
4314
6521
9015
2536
2938
7942
8610
8570
3306
9678
1915
5523
875
6628
2806
6389
9307
919
2758
1664
5186
8172
577
5513
3051
5802
959
553
9759
3954
7665
6661
8908
137
9967
3861
9077
9636
1770
8690
5572
1071
9632
6513
8283
714
9325
2231
2903
7472
798
888
3717
4661
4993
9649
1679
3371
3817
4797
831
4369
3790
9719
4612
3449
7329
7774
3266
7092
5213
1358
9076
3613
3192
7232
8940
4367
9385
7264
747
5827
3731
7367
3725
9977
7167
8949
3835
4659
1401
4060
2916
7353
6401
4588
5989
4428
3394
8086
2405
9259
3071
2160
1918
7755
1528
9556
3093
4487
9740
9765
7771
5732
4713
8927
1804
8878
4622
8313
1556
7861
7442
1098
9425
7294
3598
3637
4836
4951
5109
1747
7969
3723
2916
9452
5526
6654
995
8433
3433
6726
6923
6185
9593
4630
6818
8885
2182
5176
1090
626
7837
6437
4521
1467
8300
3556
9449
2889
9652
7150
5022
1336
1772
2938
4448
7494
7569
5418
4894
2571
8651
4976
2491
7360
4843
8494
6261
5598
449
6761
7279
7587
7163
2361
4465
6259
9367
9104
6278
6441
4377
7892
467
4489
9592
7339
375
1443
9458
5506
1021
2982
5728
2074
6862
5743
9413
9807
9220
796
3487
9254
5562
1681
1920
7315
527
86
9847
6916
2809
6491
1047
6606
2549
1129
41
5858
5901
3447
3229
1899
2979
2965
7500
1654
874
2649
3785
9934
3171
3940
1782
9972
2421
2607
7906
1096
9510
343
4848
4694
4582
7922
6179
5823
1627
7629
1301
3203
3238
469
439
4472
5876
4062
851
2298
2273
8418
1357
1343
2775
1577
4280
6613
485
3090
180
5259
8379
8076
7765
9113
9281
7539
4720
605
2710
1482
4974
9250
6486
3345
9363
6734
7541
2627
56
2697
8169
2591
9700
9750
9316
8257
7513
991
2654
4557
7195
6673
7297
7415
1211
2145
6222
3409
2322
7849
8989
8306
9577
6964
5185
8384
4341
3233
3306
3194
7232
9111
6884
7812
3890
6934
8349
8799
8095
7477
4052
7604
9738
7262
2557
3917
551
5858
8865
1553
3293
8138
2578
2202
9258
539
7291
197
7889
8917
3478
7045
4287
3976
360
2931
8188
3476
7255
230
3116
12
2555
700
3685
7301
4050
3234
9722
3056
8782
854
518
9346
8105
198
7813
6669
8121
3556
9548
6349
6270
6633
7385
5729
2311
6195
7893
1347
9237
1564
2165
7606
8776
4360
1088
6667
1813
2331
5211
8160
4537
9092
6592
8198
8807
5450
2269
8861
605
5410
4793
9214
3413
2506
5617
2612
6935
9381
4145
3592
5340
7699
7246
5576
8397
5452
8848
3284
2522
218
8653
2037
2838
7072
2335
9945
2751
7370
8
2863
1388
1458
3260
1099
2992
1612
429
4055
4315
3919
788
5751
5615
4817
8779
5271
9375
9805
3831
467
2356
6516
8403
8146
7305
3869
40
5984
3462
8618
4632
5271
7419
3833
9994
4218
3202
6099
191
1437
838
3364
1347
3428
4787
7192
1391
9654
4195
6703
4636
8765
2519
6956
818
5213
2343
6656
8814
7839
5136
9021
5250
4186
7436
8746
8582
7868
6976
8211
2700
7370
5502
8793
9009
5250
5179
4557
4847
7257
1579
4260
736
3862
1128
5768
5774
9450
8274
3404
7365
842
6032
7305
41
8330
6660
7945
6372
7784
8349
4735
8359
722
9334
6913
3074
1973
9548
8180
5711
7396
9612
6003
5577
8161
5051
7707
7434
603
6863
7333
5105
6884
7147
7857
2291
237
5560
2027
5352
8864
6174
8365
3046
3802
8002
1905
3947
3683
9417
4785
6851
6715
6427
6429
4346
2083
819
2376
2091
261
9171
5312
823
9697
3780
9080
4354
2358
5338
9315
2279
1497
7686
2383
6251
6228
1190
5644
4463
1374
615
4600
4031
387
1482
4952
8263
2560
84
7381
5590
6685
6496
6112
6026
6375
8735
5715
6795
5353
5744
246
2708
8566
5770
6731
8907
4486
5158
3287
8002
4747
9721
8189
4934
174
1711
3544
8277
7723
1316
3764
652
5542
827
1674
7614
8712
2882
8278
7345
3082
540
3671
6035
2396
1614
6451
4602
7347
2070
5476
5768
2621
7716
115
7037
6338
3532
4383
679
1497
2516
6506
6628
2708
393
6465
6168
5385
8286
7414
3146
9645
6116
4203
9032
6031
933
3404
4252
1567
4265
6858
7894
2265
8188
4096
5208
6274
1751
5940
3889
3437
9243
2027
9825
5547
2700
5257
859
6653
6010
2533
5512
8663
2346
2293
5800
6210
6659
1306
3092
6974
837
2026
2079
4051
6388
518
5451
642
8787
3512
8103
2125
5402
6155
7334
2735
7274
7239
9979
5305
9175
5495
4464
7306
8484
2649
1750
811
1421
6609
311
2772
2797
1562
2407
5022
5552
859
1081
9062
6195
9025
6110
4747
4888
1678
7800
8916
8709
3006
5260
2017
1644
1154
8358
8924
2117
8092
9415
6907
3783
2837
4649
534
421
2670
3811
3327
2309
9873
4103
5059
4765
947
7913
1051
4103
5672
2843
2367
2947
3427
1939
8712
7370
7657
7998
416
3152
929
2749
3433
3460
5354
7102
6646
9314
3545
3062
6026
167
2925
1849
7739
7844
8736
4636
914
3563
877
5554
322
6694
9497
1667
931
8072
9840
8427
8202
8171
4236
686
3511
168
6628
3369
7674
1350
3295
4596
466
9385
8387
9635
7444
7707
5663
4476
6148
393
7665
1411
9075
8996
6900
224
9142
8056
618
5202
830
5337
7010
9997
6793
5225
8535
8687
4357
6102
996
7329
9164
1408
3287
8681
9889
5160
737
636
9573
708
5591
4368
8085
672
6841
9023
692
3582
1821
6711
49
9550
1111
4703
3365
2056
6918
8884
9467
1734
8542
898
7180
4959
4029
4638
5094
8654
6188
1312
216
3025
3781
6446
4396
4013
6300
1411
3666
9519
9371
8014
6757
1805
6541
199
8461
539
3063
7468
6880
2730
5326
1946
5829
9531
3193
4087
343
2865
6884
1660
8482
2372
9005
2368
7293
2113
6319
880
8548
7695
7097
8155
960
5276
1355
4057
6181
9302
1196
2459
9225
1686
5786
3485
2540
7831
8575
2584
2520
1381
9756
7813
2854
2720
7061
396
3386
1279
6888
6906
3549
9841
2875
9809
117
9118
9762
4121
2947
780
2906
6676
1208
5103
9717
6192
1509
5496
8306
1493
8942
3438
7064
9230
2921
9305
6559
9284
8297
8490
1867
9046
1522
1417
1765
1589
7848
887
4056
7868
1833
1794
165
7644
4227
5127
1796
4405
5091
3537
104
2849
4859
1119
2365
7691
4063
900
3184
4013
2285
7352
3083
5831
4054
6252
6891
8091
5757
1147
1088
1892
4891
1212
6337
135
7597
7187
4826
9730
3291
7111
5651
4770
8517
7774
2078
3681
1980
2101
2716
1291
2602
4620
1772
3809
799
302
2721
7063
9945
2222
1615
8888
3519
4077
9442
89
1066
7912
6651
7451
6688
4189
1817
6650
4767
4318
1647
2114
5235
6511
9111
5714
1556
6986
3779
9624
1519
4466
6091
9036
9822
6436
8792
2041
5047
2009
7740
3878
1246
8248
7276
5010
6520
1624
4300
1390
3533
1219
3653
6404
6824
3463
1349
2053
4943
5734
5747
9409
7834
989
7869
3951
6210
4721
6704
6109
7383
6293
531
5425
6493
1336
6817
1549
6436
8284
1761
113
9411
1073
515
923
1873
6576
746
6313
4431
2596
5888
5807
1333
7154
5066
6596
6200
1193
2762
7671
5284
7364
8443
9487
3132
45
3660
1392
6827
4636
8732
4729
2598
2397
910
985
704
5039
5273
4802
5593
4296
3039
6903
5972
7030
9944
1871
4596
800
10
2875
210
2395
7991
5492
7293
6681
9940
6701
2703
4124
8065
1224
5544
8473
905
4756
7226
1191
9752
8324
4608
6534
1364
6299
2251
3340
8617
4276
5770
234
8709
2734
3573
7390
3053
8483
8102
8594
8026
4906
1317
2625
6756
5395
815
2010
4089
9968
9858
5293
3049
7091
6968
3954
4033
4289
2973
5497
4899
742
3038
3675
7134
9427
9920
3856
7647
9810
5658
5130
7044
954
1585
639
8601
7421
2910
7556
7489
9039
2365
8612
9394
4402
4725
3200
797
172
7135
464
7288
6058
9269
1800
1402
5566
5400
5398
355
7491
3885
9543
8645
3265
8774
3689
4691
764
4937
7963
4597
647
9935
3569
8453
1046
9515
8180
4649
2017
8100
854
6605
3396
545
4803
988
8243
6976
6995
4635
3627
2772
8603
5506
2756
5337
4388
8984
9778
196
5779
9594
2523
7051
7607
9527
4819
4942
6786
2267
2035
8145
5598
9478
952
7416
5857
2457
7799
5166
4331
7820
5262
6417
8108
30
5558
2669
9187
4410
2724
9427
4225
4211
6239
8726
4251
9100
1708
2979
6990
6246
5878
4586
2573
8007
4761
957
5878
9571
4893
4820
276
8026
4863
6826
8797
1182
5163
775
4906
1359
662
6619
9447
8500
4856
5284
6945
7912
2199
1484
7100
4879
254
3907
8391
3396
1148
1956
615
3633
665
7542
4111
6089
2500
4321
7217
7877
8263
1435
6303
9401
1740
4255
7770
6946
9033
2520
8188
8687
6406
7631
8225
3609
1631
3135
8127
6705
7237
3969
3510
8308
6016
6745
7106
7997
335
4780
9838
2391
3663
3180
7187
5037
553
9698
6111
8481
3302
695
5104
9733
5406
5151
9007
4969
7982
4627
8697
8161
7448
4905
4536
6450
9380
689
1649
1658
3413
3358
1975
1145
4886
464
573
2687
2771
8314
88
2788
4323
6197
4082
2846
2211
5600
5275
2082
7839
2562
8650
5226
9817
1662
9394
4239
1051
8161
4960
9443
1817
5036
1856
1982
2208
3816
8847
5347
6716
5018
7066
9567
9429
277
9830
733
696
6279
9257
6872
6036
4737
4998
5822
1131
4118
7382
9070
3977
3087
6369
2366
1825
1784
7741
9643
8386
1499
6621
253
7512
4455
5130
5030
5263
6812
2687
6856
5251
278
1950
1968
9603
7828
6592
7491
4467
7700
1402
3827
4881
8940
3643
9213
1263
1831
6401
6787
2863
9307
1724
2449
9949
6771
7930
3118
6709
6190
8594
4913
8246
7779
3164
13
3855
782
3725
5227
6613
7068
3104
7731
4566
8575
9344
9078
6440
2974
2898
1578
7099
4701
3455
1603
8493
1076
5344
5835
508
4574
8130
3326
8230
8528
4728
3844
3228
2500
9552
3611
3301
8386
8286
4385
8543
6554
1652
1547
8816
2448
3603
8805
2714
1796
8987
2007
5085
6508
1070
63
9975
8481
9155
5841
1479
8275
2311
5144
9615
7642
9630
3031
7847
8234
8246
49
1293
1362
6988
6641
4186
3553
5928
4855
3585
7029
6084
9600
4081
6273
9562
4449
890
5547
4875
7135
6972
1919
4043
7485
8138
1315
7866
3715
2318
985
4350
3704
998
9306
9916
6189
668
4373
3061
7301
1699
1092
5853
8532
6861
1990
9895
6402
249
7903
9147
764
8250
9673
2234
4200
2195
5540
5993
3987
1039
2001
185
41
8717
4647
2023
5633
952
5952
3646
7266
6020
724
2634
2853
3460
5728
1800
8232
5241
1746
874
3180
9765
1699
3766
1709
9710
9057
8510
5387
4046
9304
4218
6953
8966
3181
3617
9297
2547
7975
3767
7346
3225
8538
8512
3288
7644
5873
2163
2455
6029
3159
9274
5507
5521
3058
8181
1070
8526
7149
1278
1071
3694
5521
1943
3243
5702
2991
751
9603
4049
252
8340
3258
629
1754
6851
8193
6167
8799
1915
9058
4297
7427
9055
5845
6674
7259
7962
3361
311
3053
7212
9315
1221
3840
9331
4484
9568
5954
6821
3386
6693
4549
7641
3742
4636
4503
326
4997
2425
5436
6099
4653
882
3658
5662
9461
9659
8097
7448
8682
9133
8309
3053
2058
3749
4249
5905
4503
8920
5466
7734
8650
5588
325
5002
544
5842
2694
5278
7718
2536
8110
1633
3452
9291
4656
8650
329
5169
9288
8549
4396
9364
4824
9588
3146
8547
1889
8999
6904
8339
8570
7063
2758
1634
3520
460
8550
6956
2315
7982
8616
5670
4984
8232
260
8312
3176
9480
4196
7528
1572
2371
5243
5553
475
2822
3365
4083
7578
5864
332
1859
4311
299
9428
8659
6554
8529
6804
1965
2185
7931
5793
2360
8414
2444
6233
1325
2359
8508
4889
5860
8298
7528
1740
9863
8050
6023
4368
1848
3162
616
4710
7342
3781
3559
5270
7467
9608
8974
9677
4473
2981
3160
9636
8946
5509
4033
5582
4831
4432
4633
9325
5784
4140
9895
450
1355
1504
7178
3855
7944
4436
795
8523
9208
1799
1390
545
8877
284
5479
5413
5397
9634
826
2389
2568
1647
5338
8823
9905
8184
8483
7637
3594
6768
8228
3489
255
6506
8275
9638
709
1724
1589
5182
1363
3938
4565
2298
7326
5500
2721
8337
1715
1894
4164
9271
7838
6210
5821
9673
6647
931
4735
2003
5676
696
5570
2606
2185
868
9048
6857
4468
8854
9545
2323
6741
9770
495
6163
8738
939
398
6676
4585
8259
1307
9200
7703
3968
9581
2951
2374
325
7153
3308
9474
1386
3943
1548
9132
5745
5242
5836
5800
9783
429
2895
4193
514
113
561
9085
6253
4851
3106
8507
1725
5762
6930
5048
5983
7934
6261
1857
1473
5340
9204
7810
7065
4822
7600
3213
3078
8783
6739
7687
2801
1028
8229
2124
5615
5486
4151
2754
7830
1157
3616
667
8905
9694
6690
9429
1698
3332
6200
2380
1196
1509
8239
2975
3370
1011
7757
8943
5558
7739
3922
1587
506
8754
2090
3945
7365
7547
8379
3239
6491
230
9218
5119
2715
8051
3588
3601
9470
8211
9283
7067
3001
4495
8096
540
5839
1602
2312
1942
8375
5473
860
9281
2757
7084
6577
6620
9047
908
576
5518
1806
8043
5850
5243
1271
6308
6508
8834
3829
8831
2939
9379
4733
2847
5309
238
4286
4679
2004
5206
5243
2438
2759
6293
8230
3252
3598
2921
7482
3380
6618
6300
5813
6329
7134
97
224
2709
8782
3658
6717
2285
1091
8711
5996
9624
8264
5608
9481
9590
5
4644
2566
8909
6213
8594
3425
8143
8326
2180
9905
7991
3324
7716
5234
6338
4498
4599
6843
6827
350
1406
8024
255
2640
1627
7305
6399
3447
4368
2790
4947
7472
5699
9773
9419
204
7374
2154
4913
9852
5698
1730
9707
412
3340
1339
8556
969
1696
9419
2746
3104
6594
8348
538
5349
8787
7257
3431
4028
248
9752
9026
152
183
2244
1779
9550
8027
598
6974
2069
518
7695
2881
5708
1430
5476
1818
1527
2960
3702
1141
4200
2921
3884
4370
7222
2916
6832
9989
6285
7445
1332
8727
2337
1492
2303
3338
6048
7902
7431
1066
932
3525
5660
4239
7345
8615
5887
6623
7937
4828
3837
6928
9721
9992
9756
4219
5176
7057
9009
3548
2956
4651
2636
1622
8224
31
1857
5348
310
8522
2227
2522
877
7426
2974
3065
3679
3507
5745
1505
6490
6775
8583
2289
6313
3540
1841
218
8366
5630
9169
8193
5246
4398
9301
6691
1433
7019
5807
6452
3988
7381
8925
9136
5045
1521
7241
9490
9242
2637
3279
8050
8599
2565
5542
3241
8698
6254
797
3281
8812
4960
2564
6616
9063
3057
3236
2739
3823
268
1692
7934
8110
5025
5817
9121
3711
9078
6017
7423
1254
7147
1356
1816
4043
7898
9855
9022
5985
109
9062
6997
1271
7418
5405
7412
5435
6842
2380
2664
2470
231
109
8903
7336
8195
6827
8609
48
309
6441
3683
279
8271
2811
5414
8138
5723
2677
5012
3043
355
2751
667
2291
5984
2897
7049
5038
8587
5233
7
8642
4367
9478
3363
3845
4607
376
9461
571
7363
22
7187
497
750
6051
3968
4265
2411
1405
1983
5122
5606
6524
3813
7443
7015
6420
9020
2435
7832
5751
1348
2232
840
4410
1685
4571
9192
354
5807
7508
1395
8427
818
600
3275
8277
7209
2075
9838
6987
8081
8499
3928
8897
9272
3275
9649
2249
9297
1728
8855
1250
7332
892
8774
190
3969
9820
8340
5631
3733
8432
2474
4301
517
7823
2268
886
6647
3893
217
7443
3489
8010
5149
1330
8441
2031
9092
5653
1803
9080
2122
7975
489
8272
5006
5318
2396
1470
1125
7074
6729
3347
8858
7680
1647
844
7283
2363
445
2074
4815
8600
1457
6011
8363
6004
762
2852
8164
5708
191
3134
8982
488
7096
3323
4819
2182
874
4563
304
6751
8065
6335
57
9319
2581
5809
4341
630
1359
3870
1092
8206
133
2825
916
3721
7953
5742
8259
1841
3280
423
5439
2379
9478
3278
9049
8369
8270
7536
3945
7482
4463
7370
4666
312
8267
6643
9814
8445
1569
9830
8188
6315
6306
3210
7197
8615
4352
5663
2231
4745
1267
5016
9033
3619
3285
2175
6117
9755
6109
5721
8579
791
1033
7736
6578
4404
4660
4023
8713
5411
4215
2405
7996
4705
1691
3233
794
9457
6605
3998
2083
5368
4779
8691
6567
52
4283
4946
8666
5178
4570
6306
6771
6155
3985
7500
3140
1762
5028
383
1780
5868
4533
112
6599
5972
2085
593
6447
3179
4747
3644
476
977
4701
9821
6959
9538
9162
9738
5948
6528
6474
3871
6078
3240
141
7418
52
1908
9696
9952
9545
8813
4047
1642
2113
4490
6356
8063
7951
409
8285
4319
4212
8361
1068
6426
3859
1170
2344
5819
9055
4081
7680
4548
3365
4500
9504
5719
7142
7294
6844
5758
1677
4504
1657
9303
2767
8917
2763
2128
576
7808
4505
4203
7073
2467
4749
7118
4343
4790
1271
6058
4600
7123
3841
885
1471
2642
4749
8374
8175
4038
2283
1660
8707
4179
7783
652
1636
5514
9711
5686
8484
6066
6226
5427
8279
1925
1715
1500
3729
5348
8509
1338
6778
872
736
8853
6622
86
6490
475
722
7054
1922
4064
801
4560
8109
2028
9604
4076
8419
5014
3840
6469
6507
4027
4760
4720
6451
8586
1987
8495
1644
8735
3161
1412
18
3802
6440
2612
2618
5947
7235
9659
3332
2301
921
3589
7679
8524
6867
8192
8139
7268
3751
8652
2682
4679
8250
9819
8896
2907
4403
5611
9866
1502
9946
6797
2187
8550
3167
8513
5441
3514
1718
144
6357
2342
2080
1077
7297
8687
6310
6361
3293
8468
8894
5035
3682
9084
7936
9752
2415
9330
3826
7244
9162
106
9040
5333
8750
431
5719
1935
5474
8426
1120
242
1883
5537
874
1397
1224
5530
9888
4733
1386
266
8090
102
4119
1710
639
8460
5172
1237
3527
5158
2559
8856
8255
4640
6895
3175
9670
6324
3027
450
692
3269
3287
3376
9819
8391
3526
1327
7957
4222
5561
9897
4557
4593
2349
2016
8441
1610
2530
6454
9877
1854
751
2507
635
6004
4291
1395
638
3811
4679
5715
2999
4028
3360
5528
4774
9617
7488
7093
538
6672
3323
7159
5547
2657
3655
3094
6548
6072
4877
1834
7391
6806
1277
4807
1353
3138
8286
7207
1028
2944
8498
7667
891
2172
9303
8366
5888
4565
9210
4765
9761
9865
855
7271
5290
6616
5531
9493
8596
6327
8922
9493
1850
5844
8221
1745
9276
1665
7939
1207
5580
4127
2264
805
1558
3673
1443
5940
9165
8697
617
7726
7904
6970
8095
2524
5900
2124
3484
6048
3947
862
7373
619
4826
3339
7763
3901
6104
5827
9511
4775
3098
9877
4893
5534
7115
7510
1782
6863
7649
4032
5711
7801
1195
7690
6567
4411
790
3504
1774
5899
687
2911
1961
2704
7107
8607
3170
669
177
4973
7485
7547
9697
772
7477
9329
8159
6824
3556
2691
3487
2030
6241
9524
9076
6539
8116
8185
9564
2184
5493
3979
7891
1055
1203
8
2840
8772
368
1959
5020
1747
5529
4455
2694
3650
4564
5363
212
818
2530
3155
6781
4792
3316
882
2081
930
9897
1544
7297
984
8517
2516
2651
9713
5278
8135
1502
9359
112
8927
1740
6520
161
6046
4253
5490
6942
8391
2192
2890
8211
7493
4365
8544
2202
6984
1510
51
1227
7517
8955
5829
2802
1064
6380
8538
927
6561
9641
7826
1686
3128
8054
8001
4342
4854
266
7656
4791
8097
3303
3153
4236
732
7268
4636
2009
9961
5829
3665
4926
5116
9004
609
7201
7613
1273
1710
6297
8793
4221
6595
6854
7414
3740
6433
9327
9505
7105
424
9379
3350
2763
7198
5025
2427
3509
1743
9491
8266
2660
4289
8629
6073
5353
3250
7620
7863
1590
7072
5809
5077
3853
2661
740
7950
4612
3102
3597
3941
9957
566
6198
266
8914
5587
4181
9544
5110
1117
9630
446
9110
230
7892
4759
4838
1147
2112
2873
8744
9637
378
6375
7983
5756
2148
4451
209
2297
9239
852
923
8278
6645
239
335
533
7533
8949
3017
9530
3036
8185
8767
245
2913
5004
7494
6048
5545
9479
8369
4113
4009
2660
3013
5932
4330
4122
9064
9593
1759
7395
6807
941
8306
6379
1623
6024
6028
9591
2723
9594
947
9360
1508
8114
7037
5755
2511
8309
1907
5302
3095
8151
4929
4368
2868
5914
6138
5702
4988
4464
7209
6070
5853
1502
3922
3554
364
4175
8678
6050
7800
6961
6230
358
2664
8833
7006
8919
4723
3294
5251
9353
942
1788
3911
8160
4607
5704
6457
4507
9985
9219
4778
5169
1344
2877
2473
4006
9716
4223
6305
2714
9531
3140
6568
7471
8783
2837
8760
3350
3607
800
1099
8181
2120
7732
5375
310
236
1964
1593
3934
5483
6741
197
3448
502
622
3532
1310
1235
4907
3566
5683
4465
598
3535
6608
7085
2915
8494
3834
6590
7565
16
1132
7819
9602
1084
6295
9101
5865
1487
3362
7487
2779
31
5311
8609
9733
9277
2459
2363
1384
2612
1649
6303
7947
5726
6797
8935
9022
2933
6104
270
923
5286
9397
3738
7371
2978
1654
135
7731
8879
764
2751
4345
556
1977
9125
8902
5057
9251
8770
8234
8660
1800
7462
1191
488
2697
3360
5787
6736
8740
9593
2829
2882
1458
4794
8995
1430
9865
94
3678
2701
7119
642
4419
8335
5052
4568
7014
5981
9690
4043
9701
6389
6348
4045
6814
7955
88
6348
9806
3588
7442
9412
6919
7174
5975
1742
7357
9804
8915
693
2686
3614
2831
9785
3708
5389
2426
2556
3448
4627
6787
4234
1564
1769
8544
4247
9044
8130
9550
7488
5034
6309
9846
5891
4062
2712
8248
2618
7054
5383
3815
8226
5671
9988
6897
282
8712
4297
4697
1559
8864
3977
1042
5300
116
3892
4858
3687
2734
4873
7456
6031
4324
2405
1764
4873
3636
8090
586
4338
8378
9308
651
1943
5934
2516
9832
1656
3197
1415
4859
3691
3442
7809
316
3372
9248
9419
9228
7842
2991
236
4466
7949
7296
5947
1264
4571
1551
9410
8961
5467
8308
7470
9265
6809
4310
5619
3001
7303
8669
1101
4997
6396
9122
3489
676
3590
53
3489
5116
5036
7850
9215
1207
526
3410
8521
4173
5214
337
5954
7088
3607
7889
418
7486
6907
8403
2883
4407
7388
6509
1564
587
3760
9428
5179
7342
2583
1239
8667
3644
3832
1221
6870
1459
4423
3133
163
4721
1251
2336
3568
2459
9501
5669
5035
3046
7555
4761
5658
1014
4585
5456
4442
2865
9529
8701
9189
255
8562
6649
5757
353
8284
6164
3845
3467
4091
789
3838
5710
9585
4959
5790
8726
9390
5635
1710
8925
83
9596
266
3755
1925
2507
7067
571
7884
1615
8929
9739
7899
2656
3594
3455
3802
9385
9792
6050
5662
9024
2718
4778
9403
5395
6210
3686
9504
8640
8686
855
736
4336
5673
5417
3473
114
6435
8813
9565
5760
5781
6788
3782
2656
5302
8122
9255
6073
1675
1900
8725
8720
6422
9367
8164
4686
3167
2799
5158
7247
8256
2840
3054
2426
8825
1349
771
4088
5060
139
2224
5443
6612
8864
6760
9676
1638
8502
6854
5001
2426
7438
35
3113
6411
362
7185
1254
7560
2772
2916
1494
135
3076
1792
5549
1264
3858
7518
514
3125
2600
1416
1260
7329
9491
4787
4201
8094
3062
8269
1260
4737
4571
4764
1953
4928
5383
8086
7437
7475
1625
1023
1591
328
463
204
3676
4481
372
8246
660
616
9210
7706
6303
4034
2416
2334
6459
3681
2256
5822
5622
612
9704
628
2682
6617
7218
4246
6297
8611
1522
8297
1542
4470
7996
6148
5614
9247
8000
2543
305
8465
3443
9946
3665
3722
3099
1690
9462
6996
9511
6270
587
5927
5720
9552
1544
1116
5439
9351
1565
1660
1733
5896
9832
8422
6753
9805
3364
5328
8201
9486
1662
2517
8841
892
9636
9069
4073
6173
8269
7738
3598
6961
6831
9934
6623
1267
2657
7370
3154
2139
557
5362
5299
240
7249
1580
5808
3867
8627
4471
8804
4102
7823
3656
2894
883
7262
3583
9261
2698
4
9976
6090
4570
1622
717
1506
801
6999
5161
5183
7047
6462
6504
306
1508
3669
3787
1807
5201
8783
6487
9780
8636
2631
8061
7735
5749
3826
2724
6764
4485
8337
9921
8560
687
5877
1001
229
9791
7614
3069
4073
4830
9250
3028
6741
600
4679
3079
2704
4532
413
2950
9070
8418
9435
3752
4168
5348
4100
799
3433
8547
2229
9226
3794
98
2367
5316
314
735
1899
9050
1190
22
2191
3001
7953
7200
811
8917
4808
6776
8528
583
7573
9022
6894
3358
6149
9173
8472
1126
3192
2487
1991
9014
5813
392
5143
355
9207
6839
6578
5570
7400
7297
4279
1291
3113
4288
2967
1785
6699
4673
4412
6734
2429
723
1222
723
6850
5291
6835
1964
7278
6901
3241
3082
6861
6965
3891
7499
1264
331
3287
1948
8021
1284
5568
3054
4273
9421
445
2614
4557
8611
8229
5359
7707
2358
757
2666
6931
6348
2759
8421
7278
3441
8048
1962
9294
9468
3015
6766
2936
2717
2381
8538
8175
5971
2061
6678
7262
2330
6114
2353
7202
7985
1999
9805
5010
5322
3327
1880
748
9850
730
1077
9149
8608
4112
2377
1868
2595
7541
5649
5395
2579
7353
8128
651
5794
2563
9079
6100
6588
3241
8653
8894
5920
4639
4094
9862
3315
8777
512
3008
5386
5551
3280
5566
5781
6524
2155
4570
1132
7410
2073
1702
1649
8287
3
1469
2804
1444
3157
1381
5829
8519
9871
6308
3764
1959
9365
3420
5749
2391
167
8773
3552
4682
5163
7365
4868
7577
7829
430
2059
2099
4120
5060
6665
6050
4983
2409
8094
5254
7476
7591
4859
9584
9018
5162
2593
4141
8694
3480
9733
1725
2848
4845
7215
8287
6328
6023
8434
5499
9451
1530
6326
9291
2004
4321
6817
7287
1247
2195
8484
6059
2825
3438
4497
5895
9491
1010
5307
7220
1669
2828
3014
6910
8064
6269
3549
9506
3500
759
4370
8533
928
7284
7792
8222
7743
5170
2236
1905
2895
2879
9226
5113
6406
6653
8476
1409
1693
9698
6805
8528
1926
4878
9020
3679
1002
2458
8396
6903
6715
9386
7064
7948
8392
7038
780
6256
6143
3019
94
4197
5772
9345
1971
3123
1024
3576
1503
6146
8733
2796
8276
4261
3374
4066
2987
5139
8755
2070
2353
9027
6953
9187
4984
5443
6792
5757
3039
4725
9015
767
9868
5511
490
7660
5237
2733
2843
500
4654
366
2071
2821
1324
1815
8687
1643
4648
8159
1950
1990
128
2905
426
2486
5815
6783
996
1334
4732
1522
4218
34
8905
1371
6364
2086
6354
8556
9675
7908
4765
1288
8941
2497
4577
5323
14
2589
8358
9447
96
3294
7836
2893
9843
5896
2728
7124
3231
5915
7993
2137
7134
8200
7161
8516
7143
4449
9567
226
7717
6605
4801
3364
1622
2852
6358
2308
3711
2509
8969
9759
2205
4962
1002
3459
4086
3308
7135
2566
446
4273
2760
3808
6950
7974
9536
4375
6702
7714
4799
1253
3403
8498
6333
152
4820
9010
7136
5173
118
3758
3254
1578
9368
3637
9550
3135
5688
3511
6225
568
836
9019
4942
3514
1605
5472
1971
231
9238
7326
7032
7240
5602
87
1237
7974
2075
223
1683
2180
7367
5333
8832
8445
9909
9373
7020
1589
2382
604
753
367
8406
7199
5327
6379
513
1896
1365
9529
3074
4983
8236
4495
95
1681
4557
9298
7712
2319
4659
2308
7399
3621
2427
4235
2713
7293
7848
7866
3610
3631
6547
4958
3047
9392
9055
8871
7565
9829
3034
9745
3559
1954
7088
8830
6276
3779
7530
2498
4967
2373
2260
7722
1544
9746
1035
3961
5144
5368
629
7153
8290
8069
4507
3898
6892
4657
8545
1459
157
5128
6455
1410
9576
1171
9480
2985
1559
6353
9887
375
611
391
7289
6600
2911
2369
3237
9115
5365
1764
6616
9662
1304
9234
2558
2263
8889
3400
7115
5121
8500
3447
431
1521
5370
749
5991
1541
6234
1904
8800
5080
345
2391
295
9796
8209
597
1660
1012
197
8163
8917
6149
9490
5784
6911
2313
1056
2551
5791
6503
1896
2230
1958
2210
4353
2646
2739
7972
4147
3044
4274
7319
3260
4971
4130
2449
8256
595
1124
9369
4667
906
1392
2026
9746
1501
3522
5779
1208
2196
2833
5032
700
7447
2624
3928
6336
849
2830
3916
1124
7504
1176
2777
2737
1269
926
3202
5234
3246
6050
4542
3452
3645
2716
6225
8654
2565
8859
6153
8291
8161
7399
2328
7956
289
9778
4712
1211
8353
1325
5040
8403
5912
1494
6482
1691
8410
9790
9070
4969
7274
4361
4870
6715
5920
1215
7711
568
4051
6271
1601
6773
2531
6595
9931
9556
1285
8751
4902
3479
6508
2563
2644
9090
3344
1216
8021
7087
5534
4215
1670
7722
716
5373
4982
5133
7719
8379
5926
5334
9227
6257
4221
1075
942
2347
6613
1232
9113
9851
8886
3096
7604
4518
236
3399
7293
267
5655
1504
9525
1021
4527
2250
1495
4994
4738
6613
8326
6805
4300
4475
6178
8694
7234
801
2262
6112
8603
7724
8465
1947
9467
1761
8895
2936
1244
5029
3875
5306
3980
7491
5923
900
6334
2012
4464
317
1709
3960
81
5056
9444
8890
9115
8960
8515
3314
719
6121
2911
7020
2592
1634
6681
9174
8095
5214
4281
4559
9637
1809
487
9227
6716
7792
3381
6419
4970
2593
780
5177
1963
2354
1650
4089
3370
2373
9349
8875
5693
7993
2759
4068
8698
6292
1814
4732
7609
8524
2502
5755
5255
8197
7437
6717
6835
1620
7962
8821
1466
7586
4579
7421
4442
6541
266
5035
3188
5224
8460
7711
2195
8691
4214
4841
6116
4613
1396
5543
4705
2261
391
8876
1054
6537
1809
1068
7534
805
3360
2228
5586
7141
901
5479
9552
9174
8353
2307
6029
6958
8811
595
2663
2108
1408
4589
6385
5482
7351
6234
1355
2991
9104
8790
1837
5169
9624
4061
4944
7191
8203
9078
6809
5421
3799
5660
1427
8481
8697
5047
1432
8826
6727
8522
5787
7032
9193
6453
6117
8918
6996
2378
5563
7228
1253
8205
2600
5329
1046
2452
6332
8990
9424
4142
1744
5422
8013
2320
2869
9313
56
5210
2745
5568
6612
2376
3957
4042
6262
4133
5
7133
2959
8410
4932
5905
7770
6644
5316
4158
8095
9396
9655
1549
9041
656
7198
9212
1530
7222
619
8395
1921
496
708
2628
693
6163
8551
5736
297
449
260
8596
4716
6463
4556
3026
3267
2657
7540
4411
6662
4945
118
5194
9556
3119
7732
3036
7971
6946
4777
3732
2344
7645
9902
7339
7071
3869
1270
6692
3464
3614
9719
5037
1806
2396
789
466
2661
2839
2093
9740
8560
3793
8011
4663
6812
7905
776
8849
6156
6650
7043
6605
7809
6165
4347
2936
8326
1786
486
8659
6406
5742
561
5806
5146
7334
165
742
4403
5722
9506
198
2336
325
4507
4553
1469
2425
5293
8959
3960
4703
3933
1389
9937
7964
6781
3711
1949
1631
9035
1833
1639
4486
3991
1643
836
8161
2430
2146
2273
5310
599
3435
8587
4451
618
1891
8891
5627
2456
1562
4892
5575
6923
8887
1402
7414
875
2180
521
7359
8105
5001
8159
8795
9996
4982
3007
3520
3317
7386
2019
5831
3585
3297
6053
9327
9516
8363
4810
2587
1772
2087
6251
8870
8641
5598
8690
9079
6982
92
1822
6431
9732
7192
2738
495
6308
7669
112
7959
9551
7298
6429
1545
4132
7756
8433
6204
2020
5075
3182
9485
9214
1097
827
9439
1394
167
9596
5875
9076
5098
7871
4771
8095
9130
6085
1768
2852
8028
1066
7803
9934
1709
4436
3304
2658
2478
5636
8479
9096
1568
3340
6325
800
9509
4766
4599
4324
4934
2028
7726
7113
3026
2017
6990
6720
2547
154
1272
9983
9933
4019
8000
6919
2672
2298
4632
1
2797
8450
155
1162
6422
3927
39
9945
9677
3576
2289
5849
9950
9446
3228
2199
5001
3063
4084
5418
3895
4103
6981
9513
8414
3084
9753
605
2015
3285
6446
309
8605
1423
9733
5232
8456
723
1687
3083
1095
6062
114
966
468
8414
993
1925
4626
5814
8154
4080
7673
5855
2257
3047
82
3244
9130
8630
1390
8616
2108
6897
2112
5390
4176
3580
5067
8420
7689
2586
2646
3684
6141
5600
5005
8328
8593
3892
3665
2178
9060
1495
3215
3126
5938
9581
7261
8613
3752
6725
7457
8663
7607
2633
5020
915
1825
116
4675
5470
5153
3498
8783
9614
7879
5113
6746
6905
3761
1178
3322
9503
5525
5732
1211
9377
2826
5821
5188
6044
1271
4222
2395
8118
6531
3154
3012
2452
6204
7338
1844
8293
3939
4848
373
2399
1252
566
4850
7716
9667
4235
7538
9728
1698
3193
4513
8146
1967
8478
7498
5060
9706
2932
3073
7897
164
4735
3308
9635
8084
4771
162
8558
8355
7360
284
2028
1271
1019
2600
909
2460
4714
1068
5514
6398
7227
4087
9615
7092
8449
8307
8403
1334
1100
5543
9941
5215
7701
7785
6596
1021
8803
8608
763
9109
7756
8360
8712
4596
9116
7215
2328
8288
4795
4044
4608
6878
7422
303
1898
2956
6860
4467
5258
2894
5067
5616
8876
998
2599
7262
3005
1500
4942
8516
5602
8541
2043
7358
6904
9328
9884
6652
4745
2580
5730
9559
6600
2565
214
5614
3753
5741
2178
1711
1584
9479
3427
1938
9284
3566
7449
5007
2176
8084
8648
4832
2678
4480
910
5568
9200
1967
113
2515
8564
6106
8244
8671
3315
9672
5590
5272
6479
282
4584
970
8519
2852
9849
2303
640
3756
3168
1408
7265
5179
6948
3512
7243
9824
475
2293
1011
7140
1886
4551
3694
6952
6741
1019
4440
9434
6996
4145
9936
423
8721
4808
3300
3450
6369
7196
5284
9346
7359
694
2774
9314
2152
3218
2645
9122
550
8110
3238
6387
3046
5726
4538
5616
3480
4860
8537
3568
4499
4156
593
663
3698
9694
1914
1404
8303
6573
3941
3158
8986
6804
8593
2879
1751
6656
2201
3579
6481
5297
2189
4177
1822
1706
9676
4136
9265
6248
8347
3357
5878
7823
9908
3760
4174
5551
6142
8415
2215
9141
6149
7834
8710
5086
7606
2262
5140
2711
8666
3869
6643
5745
76
2978
6491
9984
2088
5762
5173
3042
8785
5958
3555
7948
4879
6917
585
1967
3156
9718
1853
2314
954
6564
6455
6793
9482
3178
9924
5515
5835
8813
4557
8210
1942
2857
2031
4228
3122
8532
9719
8174
2048
2574
5788
8823
7973
154
3032
7346
2335
6774
9156
6414
8854
6966
7344
6568
5185
4320
5292
528
2210
1728
6421
5641
3167
3787
8175
2041
526
336
8011
5872
7052
6426
7494
7238
42
7043
1727
8237
1812
9107
2034
5094
1311
9030
405
1919
8751
9003
6606
394
3266
6280
1631
4664
2461
4235
6207
3364
5889
7884
934
7133
1512
3662
8853
7691
6402
5732
4752
9715
2231
5232
169
8933
1512
1622
6458
1091
6951
2304
8015
7804
4847
8267
2349
8806
2722
5294
9859
7689
9533
8106
5372
5448
8490
9469
1773
8363
353
8689
7665
1480
4955
1665
5711
6321
2694
4940
9716
7510
4334
7266
3699
7195
574
4187
2310
8324
6450
8263
7791
2860
3192
5216
1759
7189
6259
652
2258
7642
6220
1918
534
6897
885
8316
8214
1980
5835
4235
4919
3454
9112
4710
526
7099
3201
2910
1131
5672
915
8715
2871
9985
6485
4801
789
9545
2778
2718
3464
460
9013
1823
8705
4913
201
194
9315
9131
5036
5830
6422
3119
4168
4815
9475
7679
7982
8726
3282
6629
5975
5901
9262
4395
7400
9920
3922
8647
769
8711
5475
3429
3490
6264
2649
1276
5546
9977
458
4834
382
2659
7285
315
2691
5954
7656
7165
6584
8441
7151
7999
6258
7570
1978
5551
3061
6003
4809
5123
8220
5260
5766
2488
9014
1373
7999
9926
6829
7013
6831
8837
3892
1957
4905
1928
6220
2595
8016
3335
5587
2554
5925
2746
7754
8494
461
5697
4497
5165
8990
3490
449
8737
6519
4762
2869
6082
9273
3812
6886
7049
2598
5735
4850
9904
2997
6937
3544
6804
9646
4978
1891
9532
1416
9931
4289
7924
5581
981
7102
7314
5574
9094
9458
4857
8840
4815
5731
1724
11
3865
8760
5706
2211
9693
1868
9239
3773
5666
3083
2476
4152
5569
124
3365
637
1141
187
4408
4300
6047
6050
8102
9764
2421
9331
3801
1135
1466
3829
1917
5768
1993
1016
7259
3146
6939
2438
7472
2822
8376
5993
8557
5184
9626
355
1368
9655
8077
2814
4127
463
4610
6448
9068
3853
4595
1626
7140
8030
1713
1373
8474
836
3305
8442
4465
8238
9061
3813
9006
6883
4894
5589
3244
2155
7759
8059
8920
5866
2165
5884
9293
4202
7155
2092
2746
4468
4834
569
4623
5338
614
625
3943
7684
3035
657
4511
4981
6910
5020
9621
8921
5352
1956
6236
77
7925
3319
9995
251
6147
1721
9125
9217
3798
7210
7379
5453
872
3540
6541
4631
1118
8580
3817
4843
2837
1650
3306
7121
2347
4670
6761
6091
2091
6521
2897
4266
4560
9581
3668
4270
1338
6042
1835
5160
9551
319
6475
9965
9560
4193
9603
73
2556
7642
914
4685
1771
3569
1429
6872
6256
3681
1230
6765
9018
57
8240
7654
7428
816
1831
4165
7807
9107
133
6819
9473
1197
7974
7127
5847
4498
3669
3236
2598
4807
3767
7759
175
9553
9237
8476
9809
7304
3752
1396
2009
8760
6461
5669
2132
3525
2888
4374
4821
9272
2196
2181
4337
7146
2024
9664
3832
4843
7654
9228
5294
5647
3789
9029
6615
8247
9166
8738
4578
5720
1179
7028
9596
1993
6779
75
7509
9166
9483
2933
432
6556
4415
8116
7939
601
6357
7163
2415
8465
7114
1621
4345
455
5366
6897
7575
8982
707
8094
5206
3123
267
5519
1048
7170
2815
7676
5627
8593
5732
7749
516
7796
5943
3171
5051
9678
401
3020
448
1352
6406
4226
1515
5314
4744
6842
2929
1475
9064
6756
1746
1599
4748
3787
5680
5348
9340
8795
5962
2320
9431
5818
1542
4387
7731
4341
3597
3597
4289
8648
5535
5412
1710
4377
7560
6963
3845
9713
3355
786
9186
4104
1722
2670
5378
3980
6728
5862
679
2638
7589
8337
2008
7897
6313
2687
4308
3663
4892
6698
119
7970
5857
9944
4037
6700
5603
8128
4387
2892
6216
7607
1589
4094
226
934
5170
4725
7396
8954
9187
3111
146
9399
619
9637
8033
6873
49
6070
8925
8969
8
9055
3065
5433
6751
3809
673
4876
9892
4094
5148
7461
4500
7561
3262
9834
3006
3386
8889
964
4565
5307
4563
9622
6228
8307
6530
8
9948
2476
404
3407
7336
1442
3612
4698
8482
9370
6150
8908
1646
6396
12
2529
6980
4191
6417
3166
8795
9264
3066
2122
9473
1502
813
7859
8423
6790
1729
254
409
7910
9029
1775
6539
5327
6557
9201
8783
9852
1910
114
9588
2265
9595
9678
1880
9490
6784
4263
5245
8746
7340
9710
4346
517
9075
3072
7032
1410
1169
9760
5373
1912
5939
2477
8806
4427
2512
6224
3788
9595
2085
8532
1049
6794
3741
177
5189
9672
6559
1719
233
2349
4065
2772
6500
1186
5083
7443
2363
5148
8550
6129
6219
3286
7092
6141
5499
7177
7433
2155
2589
1851
3574
2100
7011
7490
3766
6558
878
7891
8130
7396
4849
876
8527
1378
1268
6361
5367
9711
7653
3863
7829
4662
3240
7939
6458
3187
5599
7966
4588
3943
6565
3968
6062
2872
789
8549
8651
5625
7416
2040
6252
8257
2986
3595
4249
2010
2014
5744
5740
4232
136
9671
481
7651
4536
5541
3449
1811
1815
5757
4206
7592
6617
6782
4545
9971
4242
8040
6687
6853
9782
5659
3474
4002
2137
943
4068
6448
8405
5466
4142
5938
9865
3681
3598
8220
6606
1279
167
9842
8821
3691
6834
5649
8748
6392
3363
2762
8176
2398
2086
2471
5981
9585
1832
3259
3712
4651
8530
554
4637
2859
7792
2769
4316
473
208
8388
5887
1716
9222
6067
9358
5130
8717
9976
6739
3668
39
3471
9442
5596
1637
9154
4464
5771
2386
5440
6597
6995
9241
6538
4843
2694
4584
234
8982
994
8796
9920
1982
3993
6796
26
7863
7985
193
6206
1282
2612
1570
1096
1292
9269
6191
8699
516
1728
2660
8454
3738
3820
4941
5956
4931
5649
5128
3695
6457
4496
3029
9395
6431
67
4506
8443
5602
2769
2340
4442
4444
9982
8632
3687
3138
9277
7736
4902
972
83
8401
3023
9269
3978
6992
9022
4312
4718
1877
774
7866
647
9872
530
471
8756
7463
2954
9701
704
1225
686
2357
5652
9533
1922
3560
9705
3060
4950
1421
5928
1486
1921
7848
7952
5032
1801
6767
5746
7010
7826
4670
7165
4255
7201
5498
2017
9238
7179
6371
2850
7701
9103
4178
5179
8437
1180
3666
460
5832
7712
8091
5522
6607
6751
5225
194
8248
7980
1195
9425
7397
1255
4567
195
5784
1827
1707
1726
8426
499
863
7514
9275
8544
9270
7575
8867
9369
2756
9611
7031
7608
9641
4791
456
8701
4922
7940
2357
3097
5153
8351
2912
9129
3195
4943
5646
5405
9439
8799
3208
2116
559
9516
3999
4614
7015
8924
5004
5022
7986
8505
4613
9969
8923
5529
6044
495
7777
3739
5857
4165
1924
1904
5352
4925
9100
4324
6373
7363
7754
120
7364
9124
4901
1373
7253
5877
4838
9454
6500
3965
3632
4202
2599
9024
182
6685
3296
5017
8545
7979
6450
6356
9433
776
1777
4277
8160
7047
8290
7192
7470
636
642
3910
7527
9168
7842
1952
9817
9153
8383
8972
3410
227
3856
4921
9870
4424
56
7968
1837
7143
2268
8713
931
5675
6559
343
3850
1963
7864
4017
1570
7729
9765
4622
7944
8458
6985
9532
5668
2249
2592
7037
3340
1928
4068
5007
1014
3612
1256
3415
9467
8291
7729
8697
8343
7437
5029
8390
1677
9828
4507
3346
5464
5210
5554
4160
3644
4733
4862
5565
7082
4826
141
3286
9426
5563
3175
8743
7683
8910
388
4321
1838
5620
695
4935
7513
2257
6904
886
287
1591
1168
942
2740
7018
4333
1281
8934
7824
4517
5782
1216
4951
3016
2506
6824
6594
7870
1461
2872
6466
9007
1508
9802
669
5057
6921
5980
221
3068
1819
4018
8423
7018
1994
9963
2310
5450
1043
9740
8837
3315
268
8281
4054
8598
958
5714
2513
7100
9868
2026
9675
430
9348
2322
6242
980
6560
7252
6115
1189
3273
4844
1113
4749
2938
1409
2003
5788
1148
9713
1040
939
6259
8474
9993
4634
5812
5829
7707
4981
993
3628
4735
7813
6243
8252
9512
6114
6675
4086
3545
7398
1365
4000
3904
4557
2097
2041
3187
7689
9375
8537
4357
4818
8926
8822
6789
4970
8514
387
5572
3886
9224
2595
2017
1016
4550
9451
722
2577
8644
8006
7809
4229
3361
1106
6753
5567
7572
1239
7579
7507
2320
7080
1785
2218
7506
9202
4158
4072
3882
6113
7121
3305
6788
866
5348
2314
818
6131
7301
3141
3352
4439
1952
6244
7939
7573
5806
9222
4070
304
5263
7583
4419
2978
5904
4233
2115
7329
4776
5833
5970
9827
9669
1468
2330
1614
78
5489
1818
8952
52
4944
6690
1261
762
1111
1086
3855
5694
5654
4029
8824
6931
7904
6381
5643
3660
9138
5092
6440
3927
5760
6829
9230
2020
971
1981
9834
1489
3759
770
9822
163
6072
1191
5661
6051
2964
5142
35
5699
5667
8747
8466
4123
4828
6608
5479
308
474
9386
6666
9711
1091
4863
5924
3251
3512
4067
75
2130
6504
6782
8505
3703
592
5739
9947
7183
7421
8079
9445
5857
290
164
8467
1738
4085
4866
8874
2553
1667
2281
3564
6452
5236
1501
619
6229
2297
4414
8789
8677
7666
8130
4157
3412
9164
4242
2842
178
9032
5918
5497
588
4870
765
174
1942
1664
7046
2680
6273
915
4404
9394
5962
1912
969
1509
8511
4482
5298
2059
5694
95
9443
9278
4204
1761
5903
6207
4767
2135
3493
4371
4009
5460
2362
7064
3297
1809
4880
2021
5328
7070
8672
735
2132
9011
5001
4967
7716
1157
6884
8769
1
1589
6627
3872
9749
5010
7286
4413
972
8734
2954
9975
7371
7854
4767
164
9409
8299
4996
1925
344
374
8976
6023
8664
9577
2272
2934
9945
1160
3112
2796
6402
646
9224
2023
7219
8947
5037
3737
1739
4259
6144
8409
3719
3386
8879
3415
3608
964
4678
9580
7664
2449
7050
1311
1064
3341
7362
1668
3489
1470
1970
2528
7669
5542
2261
8808
8521
281
6742
1702
6050
4920
6347
5517
2656
6683
6015
7268
3275
6542
8858
6894
1081
7346
4480
9595
970
9828
4451
4631
4640
9547
9269
7520
3182
2315
8366
9493
3483
3990
2453
9145
2675
7554
7695
7719
7995
6278
5170
336
4671
3710
2869
3552
921
4686
7494
2830
3792
4034
535
2002
2571
4148
6806
3425
4528
3351
7495
19
5742
1568
4352
4934
3459
9173
6641
4987
8091
5550
6653
5630
4694
1639
1834
6852
500
7511
9601
5757
3151
8955
4322
8104
2533
2668
4968
4054
7057
303
2452
7062
9765
8539
8009
704
8070
8997
7443
8861
7300
983
4
4035
4101
1775
413
4623
861
9395
6053
9707
9579
2579
7353
3583
6371
2247
8784
7123
4739
2199
8250
6675
5989
249
3557
5547
2992
1141
3371
2610
8363
1701
5451
5891
9407
3144
7426
7749
3720
9094
5350
8221
2488
2669
6207
9130
7704
4825
4770
1726
44
5043
1035
6972
4385
8960
3047
5180
3749
730
7324
8316
2131
3613
3429
4401
9898
2775
7997
1307
4570
3506
9735
5222
2634
6830
4232
1260
4424
6903
2162
424
8062
9446
9917
4934
6141
963
420
8487
3945
7832
9114
1520
8353
8353
5751
2689
5209
8576
578
6003
1286
4541
8269
4315
7845
8602
7192
4107
3160
7588
2243
3896
3886
4341
1875
8070
8238
4871
1312
175
6848
355
6761
82
9208
616
3892
1608
5183
9335
1622
5650
6416
634
7003
7807
3020
7077
7363
9738
3755
4308
6521
4783
4112
356
5233
3966
8151
9247
5470
7288
3661
4767
5261
6951
6604
4739
3521
8618
1250
3407
5004
9533
6045
3117
3622
5911
2325
2418
4381
9901
2070
332
6650
5044
4424
9399
1500
4580
8493
3983
5363
2775
7990
239
3962
1617
6818
4280
9794
1882
9252
4525
6392
9734
5856
8187
8242
1206
7538
438
7243
1704
7388
9007
6968
1561
9418
8498
6710
2058
8258
3723
98
5488
5229
7096
9653
3845
653
6250
8890
1789
6379
7365
4254
6195
6478
2647
7730
3153
4137
9429
1167
2958
3553
9937
6776
658
3097
9720
325
9430
5901
8808
8369
1014
6264
3150
4481
8664
2834
8333
4782
9574
8729
8219
274
6726
6154
917
4428
9884
5164
8755
3039
517
7418
7158
8061
2772
2555
9886
4443
1754
1584
2728
6578
7998
3385
7989
6066
7276
5028
9958
5074
8778
275
2722
3704
4757
3512
2986
8385
2618
256
1588
2526
5568
202
4915
3900
6963
4899
5416
4222
4028
3151
1570
9641
4347
1461
9744
8796
2071
9991
6215
1129
3804
8685
3408
6069
147
7661
8089
9416
3711
1513
2923
9888
5571
8870
4363
3129
1810
2084
5210
4961
6846
8574
4679
4395
2578
3088
8869
9075
3771
4752
231
9976
1313
3611
6887
1563
563
5677
1350
6307
160
3580
925
8650
1266
6641
1522
279
6277
8052
9479
5929
8822
2115
845
4604
5990
3582
2502
9995
926
3970
6615
4147
9660
4545
9916
9696
4043
7418
2373
3142
8849
5162
3550
6846
3153
5535
8989
5435
5073
6341
4852
6264
3927
5071
5703
4928
9388
9955
3271
9017
722
2466
8781
9645
5634
7362
5218
1735
4814
1387
3147
6439
4549
1114
2962
2066
212
1573
2415
9353
5866
8380
2725
8435
3012
3080
5593
7562
1575
547
5854
7776
4717
499
2748
91
9366
7860
4303
340
3135
6961
7083
2088
6016
4063
3468
3305
3632
2950
7228
260
1811
4013
2942
8495
5667
5169
2648
7711
6044
7009
1613
7731
481
3753
5752
7105
2765
8442
7333
7595
9220
4978
1833
8526
1192
5789
2786
1207
1831
871
9992
7809
4177
7164
6131
6463
6119
6655
9974
1730
4255
8579
4649
5112
996
9721
533
4162
5306
3687
1753
2449
8464
1041
7833
5244
5086
855
7510
5120
4142
5115
1896
6004
3927
7517
551
5399
5140
3925
6186
5993
3587
7884
5926
8995
2537
1495
4296
7635
9698
9888
9854
328
759
4467
3328
231
8536
9987
7580
296
7545
2391
7823
3152
8810
4500
3951
5195
4925
8343
5557
2885
588
9039
7048
9622
8547
3365
3348
9416
6665
5354
5098
4870
8412
3611
2417
5459
586
7459
7658
1907
4892
9293
5665
9978
349
1876
6159
4927
8216
2986
6589
6717
9711
5393
1043
4326
7544
3017
8894
1316
7842
4679
1839
9934
8149
6702
8640
1299
1735
2828
6418
4742
651
6292
2163
5702
9989
6403
5995
9112
2280
2273
2549
7571
3824
6039
7514
7464
2283
7287
2968
4700
8737
9196
6642
5620
9829
4719
5234
9932
820
9506
186
532
5435
7261
8039
6743
9605
8980
5142
6169
8769
9713
4065
9660
9266
3731
210
1471
4976
866
936
4596
6971
2333
8407
2684
8432
2354
9162
6738
1813
7418
8132
2848
8990
3567
5203
4338
7650
3514
1750
2549
455
6781
997
4923
793
6042
6127
5583
3642
6814
609
1743
4228
3854
1842
138
4522
1964
8988
680
2493
9110
2628
1392
89
6523
4059
4778
5071
6394
2061
5426
8302
1802
9062
9237
2955
1696
804
3916
3567
7184
3336
1010
7263
3603
8934
6659
8919
9248
5708
4563
4800
762
1168
4792
5825
8055
7473
8565
385
3673
2592
1171
8122
7130
2087
6702
9593
952
4215
2970
4610
171
6176
5857
2497
2239
121
3290
4907
8275
8239
502
1651
2060
9914
7386
8744
7846
8507
2180
4779
745
1154
4973
1215
9172
9021
2762
2361
5768
10
5790
8903
9011
5229
9167
6013
4312
1565
3731
4650
2824
1048
5399
8137
3791
9639
4395
6100
2333
205
1486
9762
6095
6793
3538
5537
217
1162
8236
6543
4003
9138
2842
3586
2941
7347
257
9032
7248
7670
3089
5032
5187
3739
679
9191
535
5995
6608
1399
191
1033
5973
378
5647
327
9064
6260
8656
3204
9480
6830
4220
3171
7668
5687
1789
7463
5290
7845
109
522
1515
2169
8585
765
7453
5281
5799
4058
5340
5495
1553
9557
46
3798
2125
6385
6161
5100
58
3550
5684
3931
5609
7280
4783
282
4261
5244
5887
169
961
7387
7234
8994
7037
2401
1467
7274
2117
9911
5843
7142
1830
1236
4221
8763
3260
8058
51
8094
4877
6685
658
7610
5660
5887
2351
4447
9180
70
3844
5015
4833
7854
2587
8805
3444
7611
4294
3927
9939
6503
4761
9450
9266
6218
6181
2284
2178
4808
3249
6604
5132
2116
9751
2317
2027
1474
4280
4362
6627
3577
3917
4388
5825
2551
2299
9191
6881
1695
6210
6651
7974
5598
4146
8629
746
1964
6219
29
9458
157
1631
5147
4060
8887
5030
9259
1320
1486
5326
1983
5696
5930
141
4980
6150
2570
1909
972
1752
3250
8946
8794
3138
5888
2227
5805
1329
8749
2530
2899
5487
4654
882
8671
7584
5850
2884
1990
4792
8518
4806
3923
3094
9660
3737
2506
9329
4939
5741
217
3454
1319
7307
7610
8299
1665
4510
8421
3931
7169
2783
9170
8143
2959
9484
3005
8621
7506
8821
9266
2719
9408
6834
2600
1050
1827
84
6986
9385
8797
567
6224
4950
2674
7136
8028
1525
5892
6921
2944
2605
8652
2710
1069
8052
2676
1283
4887
8742
8306
5756
2500
3905
7614
9176
5955
7967
7268
3635
1609
2417
3973
5975
6230
3509
4008
262
9126
9476
3838
3863
1636
3259
8787
6506
6793
947
5552
3642
4098
2671
2526
318
6688
7538
9093
507
4024
954
8530
6362
6059
2285
4855
5025
2432
2942
3180
7681
1452
412
163
4796
1556
5400
953
608
3433
8672
8408
8821
8947
5549
8010
879
3241
4629
7817
4399
2187
4878
2177
620
9907
6928
3014
8906
4784
1414
9970
7829
1634
5937
3863
5612
2228
2952
66
4684
754
7023
2096
3656
8316
323
5611
1714
883
3696
189
8201
6817
9647
22
15
469
8784
536
3637
715
159
6014
5797
1498
598
3021
2171
6359
5279
8387
8834
4936
6964
3708
2455
722
5206
8724
4428
1155
3318
7350
6619
3948
7538
5907
9268
4246
4895
335
4421
4262
608
8581
7766
5291
6449
1066
526
1107
6338
623
9637
5054
9971
3168
2790
8170
3017
1353
4560
1981
9754
6377
2219
1169
2522
5406
8450
250
7475
5296
8528
1987
5114
2714
8955
6935
2884
9186
7416
2395
4981
2858
4425
5880
7568
9551
3562
534
6128
4383
7220
8548
3329
1128
5083
9013
7756
379
667
3140
1454
3582
7450
1288
9620
49
6921
9042
5908
4841
5693
5187
3387
6184
2516
7883
4047
4366
8662
4876
1408
6729
730
4141
6224
5639
7505
3674
7771
9020
8835
1081
5317
1823
9477
2519
7343
7631
2836
4673
8086
9955
1777
7759
3816
6046
1832
2730
803
1041
6558
6095
8060
4827
7414
8155
2681
7292
1616
9238
8012
775
5792
9756
5964
8933
1686
7286
9809
9878
8111
5304
4396
8979
2632
7331
2801
7231
4506
5050
1970
3132
8310
4402
2761
9577
9693
7843
6033
9561
2861
9467
6241
511
5236
7330
7927
645
6674
9608
3373
556
895
5322
6891
4750
7478
2531
4345
8095
3149
9695
5182
2386
5842
5899
2154
2568
6019
9944
5436
6563
3706
1807
5889
136
8035
5822
8506
1027
9772
1360
6856
2357
2376
4491
9847
9624
5375
1683
1508
5971
1638
8908
2012
2824
3366
6317
6419
8939
6716
2271
6718
6238
9549
5412
8557
7719
1939
469
4296
9171
1832
8964
4549
6611
4845
5056
3587
885
5784
6983
5367
9102
2921
406
704
3731
2711
4347
3721
6694
5067
2603
6586
5197
2152
1520
3883
1343
3942
7386
4711
9352
9786
7735
4921
6844
4035
3293
3525
9544
3108
35
6693
3284
1337
7248
9518
2308
6136
4363
9375
9950
9253
7537
9062
3286
7985
5014
9503
8580
3360
9346
4185
3527
1014
2204
3879
691
8750
165
1392
8822
7863
3275
2307
1513
2907
4974
7786
1602
6012
3312
8730
518
4942
9461
8917
619
5035
6569
4716
3531
6615
6897
9492
8244
5361
3161
5363
4845
4770
8317
9927
5203
6421
9923
5220
4690
3651
1350
1224
9967
3753
2542
9101
9650
6969
3482
7466
1633
6282
591
7910
3943
5549
5962
4794
5779
5677
2417
3922
941
2274
5336
8816
1875
3730
6304
1084
2498
6004
6201
7788
9328
4531
2728
5676
8246
4379
2612
7003
8908
3539
9003
2146
2252
3686
6193
49
504
4944
3480
9079
2711
9554
6187
6781
154
2722
6340
3968
5469
9619
4814
7658
1465
5148
8452
1756
871
6311
72
4058
3055
9704
5552
1923
2238
616
3915
9035
2182
2861
3474
7222
5023
1064
7321
1411
587
4938
52
5731
9928
3779
6694
3766
254
2985
9397
2960
808
1378
2554
7660
8735
2335
8676
8925
7714
3493
1356
2365
1922
5496
6499
3396
3242
805
2663
1367
9339
2429
7188
2842
3989
7034
1672
2931
3827
7151
8495
9549
5405
8704
3437
8181
7680
8331
4746
7061
7771
1953
6823
8491
1280
5221
6479
6021
9067
3712
9512
7259
7902
5343
4729
8680
4810
5738
1366
7414
6331
8129
342
1638
3403
4212
4133
6713
1494
9935
950
8494
3117
7569
3872
505
1316
5464
3082
9884
6566
1547
9025
4100
5256
7140
6821
8690
6763
631
9748
9908
427
4099
7502
2656
9716
9652
3624
3148
6869
98
6668
605
9916
3065
6829
3642
3041
1286
4552
2749
2111
315
2021
3238
781
4672
8590
1963
5450
566
6375
9759
2215
1161
6139
9213
446
1329
2471
6674
8816
9957
5295
4885
1069
5949
2719
6820
2284
5714
7261
6716
7211
4084
1257
4916
9488
7655
5078
8375
6301
9675
2354
876
9602
8471
353
8404
4397
6050
2328
9439
4428
3933
6581
3243
2291
4736
8492
8522
6073
3663
2045
5086
1469
5721
8081
452
838
5710
3250
4859
7112
7226
1690
7215
7570
5521
8804
6918
4004
7833
5327
7223
1949
3295
1985
3410
3747
6887
5592
2127
5068
3379
92
4663
2217
8639
1904
6793
691
9383
6295
4522
8941
2678
2659
3596
2409
556
7080
2186
9942
763
5311
9629
1319
4622
4199
3518
8367
1093
3591
1001
4937
9234
5614
6522
8868
5450
5002
7862
7787
8744
983
4088
6242
6132
7264
6807
3804
6667
5185
7089
1498
2747
4493
5527
3678
8509
8875
7796
8429
7632
9163
6794
131
6510
2535
3035
1921
1149
2836
305
1601
4068
168
9466
4522
3159
8021
1092
9407
2674
771
6705
737
3518
3709
8823
6805
4114
1329
6711
1520
7658
2363
1975
3775
5660
9851
4174
468
2525
6050
4940
5546
6927
5500
7876
9129
4901
6472
1351
9141
741
1139
7805
5969
840
8097
9490
465
4881
9101
9179
301
9623
9305
4628
5489
561
8302
4792
8001
6429
8935
860
2490
1485
6233
1880
5092
4431
3482
467
2003
7016
2739
9306
2653
7308
7328
5052
9574
5516
4084
7461
5175
6524
9193
1125
2621
576
6533
1997
7533
6162
5928
9829
2917
2547
9186
1613
7134
1228
7761
5550
7181
2527
392
3851
9129
2655
9356
3546
4440
5561
6856
3177
8994
141
3296
254
4822
3101
450
2560
5147
5904
9976
491
5406
2995
5610
7140
2763
5294
7921
8986
2951
9935
4950
213
7914
5701
617
5182
7066
4330
5998
5066
9266
8941
7441
6979
7441
9916
4778
5013
2735
5835
4476
8418
1515
4211
6647
4563
3519
5050
8157
6652
9205
6890
5138
6827
867
5457
2460
9132
8177
565
7850
6108
9564
2978
9985
8472
2034
4833
8754
6369
110
8134
8839
2318
5806
6006
956
9422
1183
2995
9370
1065
4922
662
670
8977
5464
6472
4009
778
8417
8861
9360
2387
322
3261
1540
7201
5565
6224
9420
7991
8186
9078
4926
9731
2860
1296
7421
7479
4030
4190
7547
2371
92
6662
2128
636
1293
4142
4915
9611
2158
2694
6917
5780
731
965
2877
8049
6726
6126
4477
8795
6954
8366
2516
2405
3208
9349
2733
8357
624
1695
9349
9007
1885
5534
474
1839
359
742
9950
307
3724
9636
4619
1219
7992
3804
7296
3310
8368
6110
1098
8674
9919
83
1182
3175
6248
9306
4050
4649
8378
106
4955
9713
3265
6851
497
3423
5721
4005
1727
8917
3262
2348
9351
8595
1455
359
6707
74
2336
5267
5925
8175
639
1705
255
8751
7358
1329
8287
3897
2223
6306
2706
8989
1390
4071
5658
3647
5016
1135
7018
5063
4345
7984
1774
2072
2355
6169
7575
5370
1354
8483
1988
2055
2205
5684
4252
6703
1311
3440
2024
6985
2643
9003
1006
3782
8438
7056
7927
5827
5830
6183
6738
8299
1217
7974
8578
1206
56
6007
8706
6403
6146
7762
5033
4621
7741
9079
7337
3085
9759
570
5345
2091
6650
75
7426
9970
5886
432
670
1504
5017
7330
1292
3190
346
6337
1608
4066
4979
6037
1720
4071
6780
7490
9482
8950
2099
3062
9593
4939
8657
7539
5214
4134
697
4820
8722
8436
6618
2093
290
1913
4580
5891
5931
2204
9863
5
6485
6752
9782
4854
6060
4299
6539
56
1097
2356
1860
9527
5984
862
8011
479
3859
9883
7475
2954
2643
687
4126
1322
918
3107
8540
5104
8772
1905
9789
9574
7019
4787
6296
2655
9411
6291
4612
7161
92
5742
9235
268
7123
1866
2367
4066
5748
7504
1132
4051
6057
8792
1437
7051
7744
5729
4739
6986
8826
5081
6368
7593
7504
8335
8938
228
8992
6706
2123
2424
2838
2966
8868
6106
5430
6643
114
2737
7685
7305
8953
65
7575
3908
7949
9269
3506
8567
5743
1816
6690
6168
836
7152
4311
105
6594
8648
5560
2654
2515
6985
5898
6672
6652
2100
3100
1725
7048
7582
330
7849
9693
5960
9329
8181
9632
682
8098
8522
3732
140
6192
4498
1485
3553
9011
3428
4627
2576
991
6954
8930
8160
7598
7792
7790
4591
4650
3211
6980
1823
3655
4100
2972
126
6765
6192
6330
8704
3219
573
7316
3755
6806
9899
4622
1679
5402
5860
9809
1552
1400
4921
3098
2977
8389
5275
654
6095
195
9875
7563
5607
1120
111
9786
5589
8524
5177
3249
3226
2841
9829
1285
3817
3387
6118
9772
1038
750
5534
6464
3819
5479
8017
1360
9233
2403
2068
5169
263
2491
6888
1265
6682
9673
1853
2316
3857
9892
3972
3175
1068
3191
741
9338
4265
6785
4713
9179
2866
7301
3157
5397
982
8497
772
3016
6018
8619
1328
2521
5644
6600
7277
8858
8508
1990
9186
4853
3080
6201
4261
194
3386
8675
8401
1511
3328
5308
9590
7087
3951
8002
9470
6739
3429
5161
4583
3093
9066
5107
3602
4940
2082
4939
3063
1706
2482
1020
675
9433
2476
8030
2431
3187
8120
16
7950
1
3857
4369
2019
1435
8874
9784
9164
3007
1051
5316
319
8397
1916
8286
2223
1134
2396
635
5067
6564
3950
3933
243
3533
6625
7320
6440
6369
1627
4562
527
619
7281
6964
754
8981
1797
125
3091
5003
3789
9574
5902
674
3660
8096
5210
7457
7647
5177
6987
6477
8694
3918
8567
8819
2381
7035
1522
1359
4405
3533
7465
6297
5572
584
6280
7423
1142
3044
9640
765
5711
8466
2713
5769
9806
8061
5383
4619
1199
6268
6268
8649
9549
7731
1714
5617
5505
2681
5379
5344
4380
5893
5487
9872
8462
5778
9353
6366
9216
1905
3455
6408
3508
7197
3316
7189
6198
4905
6987
9295
8255
918
9234
300
8087
4609
3577
5723
68
7385
1261
793
6851
2814
2854
4323
4210
8437
825
1637
3911
840
4266
8129
289
8378
7186
2956
4041
6840
7817
8450
1492
2251
4897
1498
5496
2954
4735
1747
3912
7869
8901
2318
8350
2412
2048
3238
3860
7509
364
3034
8064
5677
5775
8123
8249
4830
8585
1328
9050
6686
9622
4103
274
5344
205
8678
3924
5556
5928
1295
2290
1289
8624
9426
9058
483
1524
2381
810
8888
3750
8127
4525
8084
5586
2346
7713
7788
5132
9942
9820
9199
7653
3506
556
1224
441
5141
800
689
8905
2131
4870
1218
7888
4667
7361
3399
3987
2301
2918
2271
6234
9497
2420
9089
3302
434
5869
5993
8654
4642
9381
1471
9434
8823
4727
9912
5531
5883
9838
935
6469
3121
7255
4348
4666
491
960
8764
6580
3113
1821
3137
9198
731
183
7704
5215
1240
1873
7480
2965
7127
7849
6466
922
7755
8486
5268
1493
9403
3268
8824
4368
3471
6826
8234
9602
8679
4836
9174
168
6549
7490
2271
9092
4091
8844
5405
9858
6751
9888
7662
3091
9723
5562
4348
9864
4480
5902
9823
6045
6555
6149
8314
4271
8544
8498
8944
6891
4835
5760
89
2421
3829
6346
4064
6034
9643
5606
6404
4610
4331
5663
5646
4141
9776
845
1410
4921
6140
2323
6830
8405
3661
5685
1199
342
3160
9396
7731
3819
7330
5304
810
8238
1870
4617
1414
2106
4176
6857
4849
4244
6528
6577
5901
7031
6587
135
2198
1040
579
3705
5940
2306
9974
1561
7725
1495
2428
612
5031
7253
7674
2352
5915
1128
5059
2546
1285
945
7118
2426
4168
3099
5555
6172
4510
9381
7151
3675
8429
1409
7736
7443
8805
5097
1162
4915
8358
9960
5327
3542
3487
4332
9789
1277
753
3830
2793
202
9458
7163
7177
7371
9565
6491
4391
2017
7126
4091
4434
8045
155
9441
5951
1382
1143
5452
7132
5769
9760
8221
3253
3997
7232
7286
8143
1377
9152
8941
818
5893
8880
3404
5860
2322
1028
5881
2560
7255
8809
2269
7974
737
2773
9907
156
2565
7291
832
6018
2605
2046
1449
8610
6430
3149
5141
6422
8466
7069
8784
916
9014
5204
4408
9957
4050
305
2200
7587
6416
2858
6543
7152
6843
4525
6588
4035
518
6776
9896
478
2165
9171
1840
7291
5116
4619
6046
9765
8531
3866
4467
6274
914
4162
8835
1022
9183
7449
8477
4899
7489
589
2245
2196
2511
8904
2719
5833
6618
8895
9258
3941
5172
5205
6679
4979
4380
2653
1893
1071
5432
9532
5819
7089
9245
7069
3505
7219
8157
510
4267
3284
2989
2807
3698
3254
7682
3899
529
961
6120
2711
6953
5514
1327
3847
8305
6398
8610
6936
5310
4521
5141
6824
4283
4435
1274
9929
8101
3242
3120
9269
198
5147
1737
6812
140
4633
3831
9784
7349
7312
978
6258
2952
8355
2808
5469
4163
8385
4017
7775
3549
5990
4142
2048
7640
846
1630
3500
2293
2581
9853
9410
5395
4202
2345
1455
1205
6850
2753
8357
1759
4536
1549
84
7469
5074
3652
3883
8752
8607
7486
9847
8390
556
6951
5370
6613
2806
6173
3175
5203
6937
4454
2618
1237
5271
7408
7733
3938
6805
4950
5172
644
4399
2748
1778
634
6476
216
3333
6604
5404
1629
1316
6589
7837
6981
6920
7078
3469
3130
5376
8117
682
6753
9695
5297
8678
8595
7425
312
1174
5402
7819
2887
8617
2724
6831
9157
3685
3863
3326
8924
9628
9762
9337
4453
9022
171
9856
3216
137
9418
1051
6829
8812
8609
7031
6202
8633
6902
2679
729
1448
5295
1788
3852
472
1529
2128
8944
6432
2981
8412
4899
308
2496
6474
260
787
5485
9092
5318
4653
6928
6491
9120
6434
5162
5140
5028
3526
1916
3773
5338
2321
8442
8605
1912
2162
5823
2249
2816
963
3574
6482
8566
8791
2363
2428
3628
9952
3839
4282
5837
4910
7650
4101
9986
1618
2864
4076
3028
3712
9211
3092
6863
6179
2704
5329
3182
5914
3577
3805
1481
7872
6478
5796
7512
1993
1129
5859
2611
5161
4581
1301
4680
5631
9698
4940
4695
8014
455
8337
4125
5931
6484
2835
8411
9186
692
5371
4531
7188
3179
1648
543
7676
7618
4182
1726
3311
7708
8818
1387
7281
9587
3256
7211
2964
4884
9461
8787
3547
3076
409
100
7804
4318
2700
5508
2532
9946
8801
330
1653
8635
8647
7942
2666
6772
476
9818
4524
9720
9389
1209
7901
6798
1081
1499
5777
5309
6372
4954
8876
8378
9206
2300
4486
7563
99
1469
8907
8870
3142
9240
3296
6587
9094
6610
3792
5738
5563
7971
644
8483
9769
6417
5601
4889
811
4747
1450
2561
4155
4031
7462
7661
9982
5225
4461
2975
6973
7689
509
252
1773
6624
905
6735
2032
2150
9232
4999
8229
1786
3179
6559
1482
4647
2080
1975
7746
2496
4852
1220
849
296
5278
1713
3604
7456
7494
2207
7229
110
6860
9601
3772
8758
2036
5837
1050
8312
1775
6143
3455
4517
1750
5232
6163
3055
1600
6398
5537
7005
3698
6857
1880
2632
5766
9786
2699
3636
2660
6447
664
8830
4972
6599
9590
6319
5350
5095
215
6666
6817
9143
5517
904
3176
2652
4425
6845
6499
6002
6622
7590
2377
3877
4276
5410
5522
3404
4601
4618
3947
4531
1410
6478
4867
436
7103
6958
6786
3841
1068
5026
6458
9969
691
4678
3509
1077
5567
1109
1694
5973
8524
1904
9579
1371
1770
4427
504
6828
8321
4197
4175
7294
8958
803
3779
11
3627
6215
5053
3089
1292
7234
4349
1186
8550
7091
6594
5615
90
4970
5124
5052
5151
4574
6158
8816
7086
3368
3898
6940
1974
3066
7301
9989
7488
2239
1137
8144
1950
8463
5417
1593
4316
4527
3807
5711
24
52
3809
4767
7517
4578
5291
9484
3019
2325
5846
9912
4307
9915
2765
3442
590
1116
1872
6348
7773
3943
5057
1479
443
2538
4700
3677
3423
29
2084
9771
2302
284
3864
9881
9725
4623
5813
4392
4356
5512
8085
8839
2894
8745
1749
2113
2604
735
8276
9766
5497
8687
7591
7092
1784
6459
9161
9571
4906
4816
4384
5514
5901
7151
1195
6289
2414
3303
4247
8308
6894
2492
2785
2896
6370
2406
2854
6493
4852
1032
6198
1672
391
1738
1750
332
216
2374
7109
205
3969
764
3094
9168
3159
690
5228
650
8307
2284
2517
8900
8653
1348
9885
6744
6307
2597
8643
8170
4490
5882
4104
5126
5436
5198
1620
4770
1199
1407
1698
5471
7783
1317
8524
8722
5265
3177
6369
2681
2272
5395
7011
780
7781
7156
29
3714
8151
4876
6913
3597
4818
1961
8000
9251
2283
5614
3427
681
1362
3323
1286
5998
6832
4574
388
2818
3408
9142
5806
8626
8042
4208
1236
7344
906
9313
8982
2627
7055
1054
5268
1400
5328
9658
5858
788
3097
2109
647
8343
707
7038
3493
1086
4225
9581
7971
1750
8454
4463
9077
8168
8740
583
4493
3749
1008
8990
6923
9663
8146
8542
1632
5281
2952
3153
8608
7292
505
8737
6294
1616
7143
9467
7761
2995
6126
3301
4812
9665
3001
6472
8060
4848
9955
1516
4050
6622
9467
2063
7840
9385
8673
8466
3720
9163
8350
6896
2224
2048
2080
9100
306
8358
4082
9942
3520
8208
4618
1609
5589
4406
6411
2324
486
4509
3787
2707
7799
9503
9263
409
8266
6486
947
3292
9986
5354
8118
9501
6357
3332
4817
739
4944
1822
3064
5539
5765
458
8041
6382
8464
3980
2226
4743
455
4548
1919
4559
5951
1372
7889
1375
4347
4538
4458
1474
8576
242
6372
8620
5956
9980
5905
3546
6228
4413
397
9271
4613
5445
4832
6729
1522
4292
9632
8726
7428
3897
484
9478
9568
7257
5059
6438
5561
5720
6890
790
7767
5831
2380
4992
7552
363
3492
1589
8786
662
6118
4726
5794
7188
931
7132
6303
6227
699
7508
800
6512
1245
1723
2588
4634
8250
3697
4872
9317
1624
333
4410
2462
4866
6541
2173
6726
4684
5320
1341
685
8725
2627
8770
1484
2709
7036
2026
1294
2742
9366
8367
6540
5519
3969
824
6500
5866
2949
6474
4709
1543
1323
207
1834
9530
3528
7519
2112
9904
839
9259
2854
5887
1954
1321
4768
3467
2749
9497
6600
9156
3807
1317
6049
4413
2781
679
6585
9048
2965
7285
6907
9084
212
6936
5806
5129
6452
3931
9822
818
1430
9486
7893
2808
7576
1625
5493
8968
4563
4750
4757
9851
6707
2167
2677
3564
7139
5903
6655
8406
9461
6013
5644
9067
1436
1274
3744
2769
5958
7043
996
8278
2377
7147
9486
4677
5272
2360
8079
1137
6065
2509
6761
270
7543
6520
1594
2431
472
290
1481
3993
7034
7732
9708
7895
5286
457
5508
6471
9953
4110
7429
3842
3587
3589
3478
9480
4902
8633
9505
9977
4077
1148
5208
7185
5694
6828
1045
3499
2094
2069
1307
5606
2855
6048
238
3525
5304
232
8524
3295
3673
1597
7927
6695
2794
4322
9120
439
9207
8880
3889
3525
2794
5566
3318
1320
1421
2808
3145
6979
2970
4364
7401
9023
8673
884
2103
40
1861
1773
1453
9326
1555
3750
5419
4299
1968
3812
6207
4212
4526
4066
9696
3321
1131
2646
2408
5798
503
2783
3659
6364
9247
9914
632
8122
9291
3732
3291
4884
5136
7354
6396
7926
7458
540
5736
1010
666
6528
9673
8725
9728
786
5893
9799
6982
6265
576
1425
8144
1813
7983
9353
9043
117
5834
4681
169
4885
493
6110
6990
9460
1340
6556
347
5763
4432
1359
1772
5785
5474
6764
3408
916
4242
9558
4797
4059
4436
2380
3837
9806
5160
3407
7945
9263
5557
7714
8800
953
4594
4986
1540
5950
6689
3157
1025
8992
9863
1447
395
1541
4060
2847
2131
5037
4316
3352
901
2927
1239
1451
4417
1823
2699
8434
6004
8509
9596
9543
2499
7079
5998
8619
7076
8654
5551
8387
6216
6853
8787
1213
7993
9638
5020
3152
9644
6176
70
4209
3074
6987
2973
146
5505
4843
2124
3157
8858
5986
3907
3294
5383
5648
5268
9830
5875
8022
9994
5548
869
745
8198
7526
6010
7297
4839
9541
4303
2737
4533
1814
6920
5329
2747
5765
8432
5654
8031
4156
3981
4756
718
6186
6351
7130
3609
5150
6421
8507
5654
5538
3339
1293
7125
1925
2852
1818
5824
3121
3953
3508
4301
2283
155
3174
8675
7816
8130
5333
5175
6700
7426
9733
5442
1534
4367
8360
6896
4664
4206
5409
5832
6667
8799
4663
8995
943
6842
3765
1675
2711
5365
5502
1201
5283
5567
4461
8987
2207
9340
7547
2712
5545
8398
6922
65
3728
4876
1870
1310
7144
3185
9739
4882
8681
932
7370
4085
1895
8752
8773
8940
5693
9247
3058
1062
1955
9064
1612
4757
7742
4721
1564
2824
3878
787
8919
5233
9331
9737
913
1575
8097
2292
4559
2986
8002
8207
4826
5247
1378
3145
191
9575
3622
8996
8836
8704
7342
8281
1317
2919
7433
8454
1916
2840
4120
8774
15
7045
2923
187
8355
8223
7575
2474
6623
9267
7049
4914
4747
68
8292
6587
4119
209
2118
4888
5944
9218
7400
1688
77
9605
2245
9038
7232
5407
6738
6683
9336
6065
6235
3317
4795
3689
1711
8790
8560
1697
4081
9364
6994
6313
7680
888
9617
4524
7408
2141
6675
8049
5927
5543
1304
1057
8708
414
9371
4847
7401
5733
52
6585
7689
7931
1482
3786
3324
8574
9062
6297
2416
1430
978
6497
4634
8757
5089
1278
5130
3481
3192
6545
2412
2300
5818
1232
5323
9449
7265
3453
3904
2218
5560
801
504
1218
6118
5429
3299
8292
2788
3117
7449
7391
2336
4930
9015
3670
8890
6378
1447
7328
4827
8197
6174
2265
1206
6967
1070
8099
7287
8445
7788
3517
919
7838
2156
1965
8866
1375
7512
9053
6399
8819
2240
5744
686
7406
4699
1072
6113
8836
3595
6021
2865
8338
8703
3059
801
776
3522
1121
1151
3442
2208
4593
9495
4850
649
2961
1362
8636
2766
4589
651
2382
5368
5855
306
1609
1529
6629
5946
6192
42
7788
1805
188
4995
5982
9887
3929
953
9270
6703
6017
7889
572
5674
4867
1187
9809
282
1072
8154
584
8620
8226
3703
7583
4720
168
6389
7577
5209
7458
5480
9690
6355
7878
7695
5710
8692
1613
408
6294
1643
1646
2882
7088
8197
6708
3310
5282
5919
254
15
9186
2822
3539
9328
8325
2314
767
9557
2066
3409
1887
7321
7954
7735
2181
9270
423
8963
8504
2468
7766
4725
6444
6632
6594
4284
2585
6542
7383
3428
5099
5969
1215
4684
3829
439
1860
342
2562
9354
5235
9383
1610
673
1993
3694
2397
7005
8909
2866
5487
1967
57
8963
8064
5959
8918
595
4950
2983
4836
6254
9642
7142
851
7508
8092
1808
2849
3719
8708
4922
8704
399
4694
4692
5810
7963
8113
5080
4580
1683
5828
958
3860
3241
9965
6418
9537
8637
5616
2877
1694
4239
9712
7567
5314
3663
5981
8399
9487
7617
7082
681
8684
9197
2073
1190
7681
7074
5366
5002
5391
5211
9805
2902
6090
2281
4793
2749
341
8895
6953
8068
184
1085
5857
4499
1487
6100
811
3016
4514
265
8872
922
1020
6197
2055
7323
747
3784
6319
5831
8100
3533
6893
4761
2688
4089
181
5645
6230
3869
647
4784
6454
7307
2464
8723
368
1382
2810
8047
2623
482
4417
5154
4981
6938
6130
7703
5651
4336
2402
7220
9237
5023
7480
6557
4265
9388
1784
9366
8794
5371
1357
9717
3613
3614
9490
246
9271
4328
9150
2184
7977
6368
698
8037
5737
9281
3183
719
5854
1390
4609
8725
9480
1187
4722
5173
9129
4070
6148
5803
2164
8844
7935
1912
8480
5193
1323
334
105
7839
3275
4759
6372
487
8646
1957
1949
3006
1347
9685
6751
8902
6320
3693
9455
574
3215
3044
917
4460
686
5617
5015
5590
2257
1467
6708
8176
2718
8111
2698
6079
6421
6128
1029
5260
3994
553
9333
117
6497
6318
3946
909
9764
8481
9631
4932
7940
5440
2656
5585
8089
411
6633
5659
4664
9587
6892
4311
4704
4334
4063
8380
321
2839
4096
9570
8890
8515
5685
377
1101
6462
5204
502
1217
836
9068
8888
8003
987
8271
4153
5131
1165
4524
7840
5254
3556
5885
8755
8373
7006
2842
7321
4801
4257
1655
7213
6921
1399
4593
1071
3355
4362
1681
6229
4443
4555
3658
255
6194
1611
389
9000
4021
6637
7046
1944
9089
1299
7690
7015
4176
2420
6991
8475
3867
1392
2689
4802
3629
5370
9789
1051
8431
1076
947
6927
2053
8713
3229
1837
7108
4771
7478
8131
46
4492
1097
3721
4412
2626
8839
6647
8166
1556
5572
9862
5730
3417
8831
8804
295
4240
1708
6433
4605
6849
4704
1271
3092
4931
8137
7638
9069
7943
1879
8637
1752
5121
3194
4901
315
9254
2073
7415
8203
4737
4844
238
378
5568
4311
8391
6878
2796
8340
5045
2442
2214
4764
7521
7851
5692
3777
8686
5569
9866
7979
506
9176
3582
2781
2097
130
8676
7315
7964
4530
8000
5643
743
280
6490
8701
9312
7396
6482
5703
634
1561
6693
890
2577
1487
6105
123
9608
3332
8626
8583
607
9217
3415
7030
5425
4261
1390
9194
825
8432
2180
3300
3620
7678
1561
7955
4257
686
5608
6955
5013
1277
1652
1502
1228
5812
8477
937
6714
715
5554
6014
5023
4456
9409
5305
9624
3336
6586
6321
4066
3369
193
6141
9706
3138
6482
4496
1808
1039
5903
3954
7258
5308
3445
829
117
5421
3165
5313
9526
7321
5966
7764
6158
4657
5871
6874
4908
672
1994
5356
8572
4320
4205
40
9341
7158
3322
3941
7153
6780
7133
5697
4365
346
6254
8794
6496
3632
9404
645
1937
305
3018
398
6432
3471
5750
2748
3007
8832
6788
7776
1834
4074
1929
5338
7585
7504
6819
6296
8678
1561
9126
9084
5441
9513
1569
1129
8050
2062
2543
7114
8702
3657
2042
959
8506
4183
666
6309
6598
8204
5946
9536
3856
6779
8363
3335
2729
6899
2083
8253
1877
9945
3965
8439
9116
1582
3588
3039
3853
3550
6538
5364
8850
3349
706
4620
3855
1597
7198
6295
1220
5896
370
9793
1330
3158
2871
4323
9242
9140
908
9127
2641
4769
3719
70
6240
2366
7865
7679
3703
466
3920
5687
4306
1815
2358
2536
1651
2020
6918
4808
6927
8664
1167
7110
2981
6384
7233
4258
5768
3813
3956
6970
3406
2437
4455
1117
7826
2684
1158
7246
1284
7438
5493
1351
3792
5476
9786
9847
5867
1281
7143
8618
7833
624
4276
6611
6956
4332
6347
8376
2023
8491
1549
3722
7745
9048
258
6960
5317
4044
2638
2527
8406
1112
1151
5192
5472
1713
7570
5390
7274
8008
5429
5618
9639
9461
4679
7197
2907
5200
716
8985
2763
1291
1277
9724
9693
8239
7180
211
8927
9954
3844
6951
4979
2674
4063
2238
6632
6993
6738
1680
9204
4124
7619
804
5053
3897
9179
6999
1527
6669
4406
1017
5927
8328
8678
2676
454
7838
7192
3801
3842
8594
9758
5321
2750
945
5051
4652
2218
1752
9774
5794
3485
9666
7622
3748
8942
7778
3235
3622
6195
9514
2909
4587
1504
4118
270
8661
913
8360
3018
3768
9779
2065
3199
7177
2892
2696
9511
4472
6779
74
634
3095
7562
7518
2753
3030
9632
7299
1909
6957
9251
4617
6486
8021
5642
4169
3304
4915
6929
7618
4727
9778
8534
513
4123
2956
9248
7436
7094
6084
2431
4235
650
3747
7198
9763
8921
8382
9925
256
7556
2320
4027
1727
2580
6809
9817
3350
2327
1011
9498
9744
1794
764
3934
2968
4822
4773
6366
6465
5021
9078
9401
3231
1203
2075
5773
3958
3137
6144
3330
6558
9748
7108
6096
9871
6300
4237
8081
911
721
24
5936
4101
6928
2074
6144
4809
964
1897
362
3690
367
5424
8015
5227
2279
2355
1052
8315
7758
7151
2715
8175
4777
3180
8389
7615
6450
1331
7605
3994
793
2582
5800
8614
3477
304
5665
9240
9480
8011
6457
844
5169
5271
1491
3042
6043
1917
4893
8565
7459
2273
3347
233
87
6413
126
5920
2329
368
2586
2377
2627
4546
2549
3799
1076
1538
4386
809
2296
2351
5694
683
6854
1535
8298
856
3460
4463
4902
1977
7125
9560
127
7071
5458
8330
6912
4505
7846
4184
6164
1714
6770
8512
1707
5803
9346
8212
6346
7520
9607
8042
1037
122
6899
1340
8968
5841
2404
1501
9147
4811
8695
7289
4611
2149
6542
6792
2749
7148
9228
7023
7462
712
4860
7186
8287
8391
2530
2906
2828
8642
8057
7007
4538
5006
5756
4370
704
3585
9648
5754
3631
8814
1758
8489
9059
7391
2319
7690
524
9550
3568
4969
8406
4096
4084
2222
8131
3806
1369
888
3515
5570
1298
7618
4698
1978
1412
8197
919
8572
8925
1066
133
2919
4862
1482
4739
7441
6793
1364
6286
3442
3797
3322
7542
8572
8638
3288
3933
9062
1322
7697
8348
7571
8966
9736
2192
4820
703
6745
5042
8455
157
5906
452
1273
1514
5441
4550
5935
16
3547
2825
1485
8959
7205
6347
2818
558
707
5985
160
6138
8187
9075
9643
6282
7077
1328
5182
1426
3969
8530
9604
5590
5253
3709
3769
5142
3842
4497
5870
1464
5490
1631
2883
1860
5472
6185
2228
6472
3747
5969
4451
1548
7080
7859
7950
304
7916
687
3068
9905
4323
590
1177
6266
5272
9254
7371
6727
6577
6648
7393
2053
4285
9559
7079
2950
5133
6803
4040
8448
5309
1715
8209
7829
8158
2882
4670
5741
7585
9488
3731
2191
8433
1144
5865
9055
702
610
2771
7057
9026
9183
3340
2843
8593
354
5470
5113
4498
6430
7345
1578
2132
4042
1407
728
4015
994
432
8485
7545
2327
6071
2480
5569
1270
5384
7543
9755
677
7252
9767
9784
762
8547
6030
6321
3462
2956
3058
1425
9759
2404
6602
5181
1995
5952
7610
7280
6424
6153
6812
6247
3160
8268
1514
5781
2426
3722
6312
1732
1508
5587
4413
1705
6316
8794
3699
3378
6886
340
6180
2991
4823
2147
4676
2715
7337
170
3726
5109
2887
2460
3014
8335
3192
4101
9486
8962
7256
2420
8132
2012
2626
7139
4921
9831
7290
693
8732
5063
966
1035
5092
3920
2237
7699
1773
3538
1080
6750
4777
7842
933
4877
4584
3878
4362
6503
1650
9932
134
1592
4545
8951
1219
6537
4412
8056
4248
8505
1598
7717
7035
1317
7286
3720
7092
4073
6167
5767
6572
6947
3935
7291
452
240
6644
527
2146
853
9370
6663
2918
1356
3954
7210
9931
7721
13
9022
4746
5672
1310
9487
3464
6773
8093
9755
9439
9880
1783
9293
26
1883
5283
1892
185
2521
415
8287
1253
9156
217
3719
3165
3459
9323
8521
7471
2503
6605
990
7219
9384
9422
4745
113
5952
4429
2797
2035
9236
4753
8360
6788
5515
5369
7024
4280
7996
3742
7337
1573
1256
6228
8016
2959
7905
8111
6055
8578
4390
6227
2412
2024
108
2675
5048
3946
1018
7611
2978
9491
5665
5833
1485
2225
7542
8342
2197
6788
2654
6707
1169
9737
7749
4846
6021
7616
7898
6276
8936
5992
443
2640
5356
1197
4968
2450
8335
2920
2902
587
5517
1733
3731
500
4192
6578
8785
2030
3269
387
5298
7684
892
914
1006
1676
9628
4883
1667
9917
8720
8950
6633
8843
5698
2534
6912
7325
8195
1982
3593
1664
6852
2763
5375
9492
9092
4445
160
308
8022
2215
5467
2451
8621
5286
4120
5922
3591
2126
4366
6526
356
2863
8533
694
5810
3462
5145
698
9607
4641
5495
4414
8649
9019
7623
7982
669
3637
7766
8173
9466
2053
9071
1990
7321
8408
1606
6691
3404
3315
1457
7531
4296
935
1859
1589
1312
2755
6757
3259
3807
291
5219
8539
3298
3030
5953
9655
7280
4190
2520
8636
2502
2209
6946
8879
3507
5420
5453
7523
9197
230
2159
3016
383
3314
6454
4333
4784
3919
3146
534
7872
762
3634
5272
9857
3155
6192
6705
3392
7581
1306
4085
3726
686
8294
9540
1808
6326
2673
2599
3855
8877
8844
6104
4653
8181
2963
145
6373
8191
5051
3517
6125
8841
7512
6332
9723
3077
3144
7586
2689
1620
9024
2174
3766
2289
8128
8727
5091
8763
7509
4818
4326
234
1228
1281
3446
8611
1054
5126
9477
6502
2380
9782
4379
741
4728
1048
2756
3727
6685
3244
6824
4618
1341
6296
7234
430
7701
6350
6448
2782
3262
4746
4439
7042
7187
3190
6655
6784
1274
3728
6962
8346
2529
1332
2477
6896
2951
2579
5824
4982
6468
2997
3272
6976
4565
6826
4262
1337
4344
5468
8636
2180
4176
8592
8211
2217
5798
8556
2060
5729
4812
9682
3409
8669
8079
9274
1431
4688
3640
414
9107
6254
5039
3487
3302
2188
2702
5174
8022
9910
8893
8148
9834
2431
7886
4362
5617
595
2407
5877
4208
9481
2296
9473
9654
6260
2168
6190
1566
3401
5889
6560
2113
2138
7684
4448
7285
6081
682
8608
8166
4328
760
748
510
7877
7934
2572
6004
2308
524
6
9791
3356
3329
3136
1590
979
8658
723
8901
29
1924
9771
2861
8848
2566
9434
121
5459
189
1549
2137
1365
6813
9623
2141
4569
8721
5001
8560
4895
200
9907
398
2638
5884
7732
1267
8958
7136
8108
4433
3682
4341
755
3133
8530
3001
6067
359
2294
3549
3024
1589
2335
737
6392
9611
7904
2174
2614
5976
7049
3231
1424
7984
5156
8317
2608
5777
8408
8246
3743
5173
955
7705
7325
6068
3301
33
3134
2130
5551
2908
1550
9244
1514
9846
9989
186
2140
6151
7990
8674
1222
8629
4993
4201
3089
2055
4632
3158
2454
344
1871
9973
6124
7284
4029
2405
8108
3490
3423
1727
2081
5598
7115
3699
2492
6850
2721
3345
9428
9840
1262
6816
9497
3839
2826
1502
6777
5151
1570
3237
8108
810
960
2646
1498
3098
3622
149
733
5233
2601
641
6097
2216
1402
7374
4279
3656
2304
2577
1529
3743
1633
2887
1160
4463
1168
6210
593
8393
15
1858
6734
1521
3126
3260
4344
158
316
4633
4954
8992
8418
8653
4193
7102
7951
7809
7120
3772
6022
8176
6464
2981
7812
5707
7173
683
7429
8090
1755
8504
4182
9232
6191
6271
3205
3337
4922
500
5684
8227
3688
3349
5821
6086
3287
8836
7727
7648
5355
9458
8151
1057
686
6025
5786
8657
1765
3942
510
6217
7438
6737
7353
7893
8932
6826
801
995
8389
3042
5522
3416
9883
4003
7934
2592
9767
9613
7454
3375
8220
1118
7751
1081
4279
7805
8344
7451
4572
8564
3424
7828
6699
2663
3372
5843
2722
1045
8334
6206
2268
6298
8425
6332
3607
5534
9305
3216
1427
6270
4175
8146
2166
7797
3242
187
2637
6230
49
6717
9885
2697
733
4414
3544
7952
9860
9183
2842
8564
6784
4365
9683
689
4382
7170
671
7994
5953
9097
7921
315
4471
2557
2062
7210
3828
6380
2934
8760
1258
4365
4701
9593
9370
4315
1847
6286
5108
9933
2211
1387
9067
4452
7214
8170
6964
8496
5560
156
2156
1935
7636
551
2601
5859
6616
3232
2169
9695
2597
4950
5703
8270
7392
5641
6028
8096
3423
2197
3057
7105
5807
6623
5699
8200
6754
6170
7296
5833
9542
2182
1325
5799
6736
3639
2362
4986
4568
8333
3901
4552
2574
5413
4539
9940
4362
4011
1445
416
4305
9002
4655
1903
1252
354
7276
7500
9154
7781
9861
2496
5789
5902
5512
3508
986
7374
8813
8740
6866
6292
1236
444
5190
5113
4778
8610
3679
9653
4235
1039
9459
8225
5537
1707
4515
8250
9114
1060
1058
9086
904
1307
1569
5319
769
491
9733
9201
8311
7911
5017
3386
9634
9950
8799
7413
1353
4206
4802
7322
4176
6802
5016
7182
4556
1833
1779
7434
8241
117
9878
859
6908
6764
8261
7557
7484
4031
2677
3668
5579
7717
8258
2689
5035
2259
8800
1646
2876
3434
4473
7998
7754
141
5156
9124
5107
7837
3719
374
5253
5283
9123
1981
1206
5177
3982
6748
1165
933
558
6187
30
5491
9601
7663
4036
6846
8010
4135
4550
9211
2342
4822
8700
338
4764
472
826
9242
4178
5570
8523
6096
7532
2651
3241
1604
3088
5521
9961
5168
9701
5609
1956
8677
1514
743
8399
1716
7315
3685
5596
645
8045
5652
2537
2152
2131
9789
5030
9350
5737
6611
6917
9826
9254
4839
554
3682
46
9558
9922
7460
5757
4051
6895
2655
6016
269
7921
7207
5422
524
9489
2572
36
9614
1671
9984
4733
1144
2763
931
5072
5323
9336
6621
7011
4293
8957
9687
3966
6113
6189
7686
3194
4716
2710
9013
6297
2421
1150
7198
7247
7824
3994
8484
1261
5670
5289
4848
590
9085
7404
8006
7227
6000
1129
2148
4553
7915
9893
4423
1954
2757
3550
1913
1281
9545
3883
5275
7079
2435
6475
3034
5882
1268
5898
7473
125
1666
7106
2412
1627
6239
14
8100
8605
2773
8954
6587
3851
1035
5990
4630
7599
1974
6697
4018
8517
7694
9474
612
2174
5291
7290
6753
4948
3085
2838
5511
3016
4453
8872
54
5447
3604
2164
1391
635
7245
3472
8279
6046
8057
4741
5047
4761
8824
9859
1124
2618
6543
2768
3958
5252
2162
5777
5143
4656
3998
4289
1690
8338
8595
4414
1493
9110
9549
3395
1420
5113
95
608
203
5508
427
4022
6832
7427
5135
9646
5379
3541
6239
3753
5395
8603
8090
8866
1327
19
6940
8832
3261
3998
5345
4040
2170
7677
1649
8639
6207
4555
3868
5916
172
3876
5122
1148
6372
7459
543
8351
4964
6648
3122
9648
5233
4441
6249
9299
8141
9119
8811
5990
2118
6401
8305
5705
2219
4751
50
1898
6332
6117
697
7658
9261
9903
5077
7419
9414
7579
1005
3035
8858
1497
2222
8138
7426
8528
1794
3334
6198
2586
223
696
8999
4656
3961
3959
8428
5904
4357
5435
3558
8762
5675
8380
4898
362
4710
3497
6411
3200
7676
7892
7066
8188
389
666
5275
8228
5818
7201
1981
5016
7883
2330
6565
8172
8892
8357
1887
4228
3133
7092
8179
223
7973
3320
6784
9338
3610
2967
8584
309
1504
1471
8247
3795
3916
5605
8512
7483
4307
6550
3334
1243
4963
4623
5605
2188
9966
471
2891
3232
2319
5705
8662
1928
5739
2032
9226
2210
9109
7692
2623
4080
5485
2577
5637
3668
5974
3246
5621
5255
8274
8299
1462
2681
4109
1899
5513
3026
3107
3201
1377
1863
5327
1135
6498
6297
497
5770
9013
7223
9706
3097
4101
6243
2631
204
2953
7394
296
7146
5662
9965
7820
1010
8304
1205
5723
6179
2502
7635
9631
3143
1239
8765
4880
2378
7820
245
6395
6329
4292
3500
1854
3493
5998
9539
2418
2982
8710
5858
5622
9052
1551
1985
196
2945
3257
7827
658
1563
2080
7459
7383
7149
3569
7591
2759
4765
6569
6593
3421
4288
3579
8405
5829
33
4174
8228
3075
5473
529
390
4499
6537
9452
2119
3566
6075
3508
5960
7365
8534
5610
8342
4029
999
2946
4504
6824
7133
907
4257
2636
7781
5647
8774
9554
1412
536
2026
461
7507
6781
2068
9332
2452
5848
7202
7470
3171
7238
535
9673
9192
3850
3007
5287
4969
5502
2020
5942
7133
6471
937
6442
6187
8723
419
5034
1792
8690
2456
8195
4959
238
7567
6301
5202
5193
3575
6408
3567
3266
4420
9154
4295
5507
2276
5176
9752
9770
5039
8550
7457
5697
4717
8989
4229
1516
7041
9216
9577
8223
3571
1803
9096
9881
700
2065
839
3601
250
8113
9282
732
7859
5411
6500
9128
6967
260
4678
3209
4286
9116
9263
8573
3440
7960
185
2477
8355
4633
2612
5938
7791
329
6308
3762
3214
1045
5158
3942
1967
1419
5232
3465
2633
8001
149
959
2317
9695
9000
5983
2628
3643
2856
2991
8535
143
1786
9258
4798
953
3269
1265
1520
6559
7462
155
8569
9948
5731
2378
6409
5180
3581
2620
57
1120
2654
586
7545
5486
5602
9345
9877
3208
1123
4762
3910
5687
6108
872
4276
7124
4431
5774
5065
7426
8465
2346
3089
7596
2995
1842
3886
4887
156
7530
2760
8851
6882
4446
3345
7731
3992
4226
3174
9111
7377
4532
3761
1538
4579
1803
907
781
5494
4302
7744
1255
5867
3587
4683
7271
5866
9666
2368
1408
7843
2118
7720
5887
5286
8880
3703
1028
4783
1607
313
1595
4201
704
8283
4518
9139
2597
4855
8377
3727
6405
935
7889
8375
6633
826
849
4651
1198
9332
4475
8517
9652
5663
7992
2190
226
1056
3844
3705
8499
3253
2889
348
7377
5466
7222
4464
4988
6042
1499
9294
3063
786
132
9641
2512
6690
864
4714
9466
6253
6652
8054
8345
1712
8753
7821
5289
5775
4711
2267
1243
5499
5700
4049
6540
9968
8022
4990
3620
1674
7688
2934
4792
6295
5492
2373
9277
9016
3397
6621
4346
1793
1112
954
4472
768
1615
7927
9785
2634
449
9018
8065
8737
9554
1674
7158
6193
1322
705
3120
9386
7316
3660
8396
552
9109
8431
8227
9182
807
5269
7906
5746
8002
7221
9990
1185
1846
3121
4453
5251
4726
1096
2476
633
7172
91
8385
3043
4486
5037
9076
3390
4146
2755
2551
4667
5228
123
8358
4730
4328
7144
8309
4517
9213
5899
2134
6009
9
9342
3619
2927
7835
9915
8749
3642
6945
7097
626
8264
9614
1510
7189
5307
9255
9552
3917
3090
2555
7485
859
1968
1101
1274
4361
9934
5391
9232
348
7100
9149
6291
8838
2754
6803
3605
4603
2277
6251
936
6253
5430
231
1552
3366
2452
1207
9046
1825
2433
5464
5945
70
4194
3658
1006
1440
2416
395
1593
6957
7628
2533
7796
7569
8704
6721
5356
7719
7872
2759
4379
8982
4159
8228
3775
5899
1885
4310
3994
7401
9934
5430
7139
4617
6550
9490
8425
6192
3841
6246
1736
1516
6655
518
1092
4234
4108
6875
402
8647
6142
5640
5062
6560
5671
7480
9127
6569
4491
7591
6959
1127
9051
4665
4703
6651
127
6602
6191
7195
3811
3634
5362
6206
5592
4452
8984
9123
5707
4565
5133
4718
3299
9348
1326
4001
7940
5146
8204
9364
6704
4558
3322
3904
6477
7285
3217
6781
3522
4549
946
7094
219
6565
7227
2198
8636
7683
9971
4161
145
9137
383
9521
388
828
4311
7292
2520
2203
2675
9070
3219
8273
8702
6680
8168
9022
5773
5365
5538
7944
1449
7061
8620
1746
8279
5176
7917
5622
313
9224
2978
1828
3326
7859
5220
3079
2852
484
3816
3568
6286
1005
7205
9906
7344
3444
5840
8121
3751
5719
6275
855
9206
956
3196
1037
3163
6425
2369
1026
5951
3548
6482
9587
4237
857
3479
7543
3690
1375
9896
7454
7970
4389
8939
9909
9508
8326
600
9241
9811
1093
6537
6374
6541
5343
173
6074
857
7660
4268
2794
2713
4049
1732
1873
1983
1142
1073
3665
828
6911
9388
647
6419
6729
6410
1728
2525
530
5413
2321
8501
7109
3865
6136
1763
2034
5540
4061
2166
2246
7600
6468
8138
491
5965
7793
8042
8046
4711
8360
5743
3673
55
6689
8646
4685
1622
9061
7215
7150
6331
3511
3730
2539
8773
2433
1628
7432
8869
2090
1287
7450
1283
7297
6183
4046
5969
2697
993
5718
1020
3457
262
3361
9678
5375
829
1350
3345
4728
5263
29
798
7278
1148
6490
196
9207
6571
3335
484
3574
2206
8620
8920
1368
836
2574
1220
1325
487
1249
3892
2112
9478
7131
5909
4341
7742
5415
289
383
7361
4163
2962
8011
3752
5702
3959
6572
3924
8305
276
2259
256
1569
579
4699
7075
4830
473
2303
8050
180
5780
7785
34
6699
320
5495
3515
9589
6937
5116
4200
3923
6874
1856
2394
8244
4116
6117
6733
8620
2570
2951
2146
1469
7465
2287
875
7748
8917
3797
3701
3906
3695
6783
6559
645
6835
7306
9226
5363
2509
3027
9993
9747
2235
8051
5863
5559
8126
9733
9735
8970
2506
8869
8310
2658
493
3367
5470
8050
5132
7665
4004
1759
1737
1478
3601
3021
1649
4512
9933
7973
6370
1577
3431
7237
729
5895
2225
2676
1369
5441
5288
8960
9544
2066
8338
9558
7171
7304
3152
2477
3202
313
4995
8512
7510
7092
6523
7030
1055
1935
3130
416
7371
4306
2934
8622
312
2159
7982
1358
5386
4173
7524
8546
1543
2368
6953
5789
7792
5014
6982
6810
8283
160
5590
3032
9659
91
8849
2902
2769
9482
7587
7655
5996
1634
7580
8386
4683
8738
240
6826
5571
5308
5502
6564
1373
6548
6590
3322
7351
69
1540
4443
5434
3690
4113
1420
8219
6512
3976
5423
2331
3701
7134
4479
441
9676
5018
3957
7064
593
349
7418
8011
9523
6363
8074
6796
4259
9719
4561
2060
616
1021
1061
3796
828
5304
3999
2570
9190
4276
7431
1120
3492
6717
6251
8327
9845
6839
7867
2801
8673
5143
3365
2931
2278
5710
5864
5721
8784
7750
9863
4419
1235
6245
1564
6733
8888
5855
4086
1389
9378
7400
8368
6869
4124
1638
8719
2217
9169
5637
5912
8986
2055
7764
2012
2017
840
4348
1586
2839
8079
513
6095
2881
9948
3601
5796
8137
8564
7722
6963
9943
104
9720
1631
2014
6223
828
4368
5363
3283
6568
3136
7497
4229
9734
4997
3160
9374
5897
7403
7036
8052
2443
765
3593
5285
3845
3824
4011
1186
4557
7933
7756
2027
7225
2392
79
3203
7763
657
1258
1904
1685
279
2208
4977
4499
6340
2716
4732
3463
7273
7610
1411
152
7062
2399
274
4596
966
5497
856
3084
5029
4560
1040
719
6911
844
5419
2846
8327
3408
7915
7807
880
3413
5438
334
7068
6961
8549
2605
1566
2902
5232
6715
9054
4199
2841
4579
4121
6229
9609
427
1889
1896
1195
9293
5976
9768
5467
4243
5237
3516
7993
5291
2497
3577
9712
1066
7121
4828
6398
3469
2144
1508
8688
5578
2391
8918
1356
9669
7852
4915
5562
8143
6917
4071
1007
7416
4423
6328
1159
4773
1215
687
6846
461
204
7603
2364
5357
6488
9712
2299
3691
8881
7655
1126
8472
3288
9551
2015
3391
7316
1305
6925
2202
6372
1937
2513
8275
2896
5664
3283
5368
9386
943
4878
9752
823
3606
692
954
1860
9858
5823
8588
1366
9172
5030
9177
1234
3046
5016
2996
4454
1833
1704
625
4578
6971
6404
5331
6630
1844
9156
3776
2026
3167
284
224
244
2533
9134
2100
4281
644
4431
3172
5571
559
4740
4129
5403
5968
8905
3513
3860
6905
7725
9768
2644
6407
7086
9307
3775
4439
3788
7937
9377
3587
6461
8266
4056
7621
6797
5569
6908
4380
7583
4982
9340
412
4516
6164
8439
5824
5622
3729
2739
5147
4834
4612
2541
3148
4881
7856
6141
1311
4961
1903
9349
5759
1956
4538
5175
3498
3349
6196
1872
4830
674
6039
7445
2191
9786
9574
4872
6234
8997
9329
9719
3763
2826
5943
8625
3067
8977
6070
3142
110
4966
78
42
8136
4918
5347
3701
6887
2634
3745
9146
9244
3325
2906
6274
4747
3963
3835
2340
5874
4184
1484
5860
9639
3305
8710
8293
2634
2931
2496
5452
3289
31
9410
4227
6321
1847
8506
2838
7090
1936
220
7213
3244
7619
1284
8215
7142
3033
6759
1071
3149
7603
2727
1822
2761
3764
9158
9133
283
6443
5058
4564
8179
8048
2735
4772
2783
2602
1842
7166
7933
7083
7561
6686
6033
9754
6952
3783
9570
7610
6318
7116
9230
4299
5446
8168
398
5453
1369
2507
8917
3341
5185
3010
3282
5054
9945
2018
8676
3493
6320
5088
1389
6032
380
2896
1983
4339
7594
8856
7635
8977
4724
1967
9401
3092
5900
8056
4666
9962
2469
7157
7689
3948
1841
5882
4216
827
8548
7504
294
1081
4519
3634
902
9106
5433
615
8091
8469
9088
7884
1919
2722
4701
5101
2899
5378
9917
6016
2481
7694
8172
303
4925
7309
1061
9376
9530
9597
9348
2482
9384
9485
4540
6486
1659
5012
7892
1400
7800
322
1852
3160
5352
8130
1661
4666
1055
88
1406
8054
1734
4109
9828
9580
3028
6035
1745
9816
5227
935
573
893
3759
3923
8450
3554
8002
4461
8945
3878
5162
6591
722
9121
1300
1507
6312
6504
1105
8523
2547
3244
8910
8939
8975
5184
4514
7364
4250
517
9969
4557
771
773
4350
5055
6158
9176
5069
2254
7492
3141
5493
9855
295
6217
6868
7163
5875
6861
3837
9935
5855
2311
6573
7500
2451
5680
44
4001
644
3725
4654
2867
1099
2828
7017
3095
6531
9981
1921
636
9521
250
6238
9368
2974
9141
7743
9485
9376
4365
7848
1575
6167
8396
4999
5108
5139
3887
3925
4961
4114
3091
2551
9982
3543
2040
3764
7293
9350
5157
1857
5580
3340
9081
3512
5435
4252
4489
7304
7260
3316
8266
4805
3016
3550
3981
4624
3592
5026
1970
801
6998
6521
3930
5568
5792
8668
3725
340
4389
43
3540
5971
8096
3433
9637
9672
2623
2453
8185
2802
8287
2355
2443
3208
7765
9785
5551
8987
1723
7670
7548
8740
7925
4972
9559
4845
8399
110
5198
8780
3253
4309
9470
121
6606
8413
2354
336
2086
3132
5176
3938
7847
4962
6593
3158
6451
3883
3333
7549
5169
7554
2529
9043
9585
8432
815
5601
1453
6834
3919
1744
239
4584
4647
6216
3385
6650
4276
9606
2597
8757
1596
380
2201
5843
8482
5026
2582
8601
5253
4538
9294
4393
1206
8929
9871
8760
7060
2658
2704
4842
1109
6388
9111
5577
7811
5972
309
469
8112
141
7183
213
7304
739
3114
6987
1746
80
9185
2214
8674
8486
7014
7969
2014
7986
4659
5433
5915
210
156
9356
83
29
6963
7868
1237
7088
6790
2610
5866
8858
4809
3840
2783
8605
7388
2783
9204
6900
6954
3175
8111
8740
4093
6269
1262
4923
5824
230
2584
3221
3075
7386
1822
2510
9285
4356
5187
7442
9841
8678
9813
1007
7543
1929
71
7452
7573
5505
9036
5027
1506
9087
6274
9961
312
2977
6873
2671
3772
8180
9790
5777
7786
7130
9849
8731
3873
182
1871
3452
4441
5251
8181
818
4780
7812
5202
6133
5656
4071
8223
4528
4048
2211
7421
7241
9017
977
9507
2722
2520
5895
2723
1048
3030
2350
584
6809
5517
9957
7247
7411
6033
4110
8990
6871
8238
5479
5765
6892
1705
323
3440
3743
7366
6583
2166
3672
3494
737
3825
9704
1883
9681
9994
5519
3626
9804
8288
5579
7882
1301
7989
8986
9679
3068
6837
2272
7774
947
6196
8548
1853
5067
2867
5525
3465
8014
127
7722
770
6469
4294
4374
1383
2937
9734
3882
2762
5430
2900
2197
5119
5692
1574
1095
2278
6431
7838
6739
8803
8175
5475
1266
2038
1506
5453
2724
9372
8412
8493
1170
4001
7169
3847
8607
3968
9665
9821
4541
954
6290
2473
8267
7134
3724
3430
2780
9690
9501
8332
1715
6879
7660
4454
138
2170
3963
7442
2050
6212
5686
4916
1445
9720
2729
7207
5031
1468
9037
1345
4027
9726
322
2018
1474
7292
6745
8137
9038
8560
7976
4579
2933
2118
4993
4641
352
7676
4956
8116
6355
2933
1744
6184
871
825
8577
7882
7027
9837
2563
5400
2026
1274
4556
3427
8445
2845
8568
7571
4129
1402
1526
8920
1291
5390
1280
2024
1176
1600
3768
5641
3401
4242
7709
9469
6668
3498
4445
1589
7014
5207
9460
4052
8828
1907
3027
9921
416
7780
588
8760
8184
4510
8617
5982
6715
4201
3389
590
7877
3146
802
2933
4954
6720
9121
4886
7863
9038
4369
8059
9444
1616
8294
858
821
395
5851
6159
1072
2054
2522
9371
5417
4527
919
9945
456
4011
8909
3593
6108
3118
4256
6459
458
7379
8482
8617
2957
2329
3649
9153
7745
2234
5053
1102
2875
8472
8823
9234
3536
2422
8437
6690
8454
4321
8963
3614
1063
3962
6323
8155
4225
9456
805
8591
4683
398
8465
9353
9091
9695
7857
762
434
7689
7484
7108
6048
5293
9837
9789
9412
1290
1922
9632
8740
3752
1968
3136
5275
6008
8964
330
8072
6021
3077
1126
9155
5494
9909
8825
9130
6212
1509
6683
7530
7891
2104
4912
7609
2158
2864
8740
8992
931
9381
600
9415
6216
4340
1828
3528
6713
7956
7144
53
2416
3971
595
3765
5151
9519
3903
6745
2412
6209
2375
3437
1066
3124
725
1914
7552
2532
3052
1625
7496
6929
9567
6146
8198
3618
461
7554
7042
3270
42
1611
7877
9525
27
1349
4556
7766
1821
8450
3964
2794
2706
128
5234
3925
5929
2647
2565
6269
8057
7122
8619
6362
2330
9498
5541
9694
5839
9070
1159
2142
3428
1759
7272
4030
8161
4216
4994
9323
3336
8107
2631
4018
8641
3141
5136
3150
5502
6740
7459
559
4365
5695
2577
8373
1243
5251
1784
2651
1247
4079
7692
6417
138
9957
93
178
8633
1873
5221
3573
900
277
3040
302
1431
4243
7128
6180
6874
8020
1309
2190
9438
693
7405
1190
9063
6257
7813
9167
8833
3801
6484
3603
5536
3281
7096
8629
5672
1652
2776
486
9221
7927
2365
1427
472
5131
4814
2043
3967
2412
8327
4429
3744
678
3444
2816
8914
2248
3567
7661
3863
1217
6868
9687
5962
3222
6286
8139
6241
8517
6928
1026
9087
5204
4994
1283
7593
1331
4661
3941
722
2864
8085
9139
5222
793
1258
2344
2895
7531
8235
8233
920
2345
1296
946
6619
6089
5601
5928
3161
3433
6961
4830
8982
95
7409
9523
5133
5501
8578
1577
1704
3123
1595
6513
8340
1567
5683
8513
340
6639
3579
407
4661
5975
9803
8583
5577
9262
7783
6848
5619
7267
8446
5101
909
2173
7119
4504
8569
5264
3769
5193
2179
2187
9405
764
8751
8910
3490
6400
4836
9752
9269
8619
7124
7999
2410
5067
8279
3753
5459
4679
1475
1239
2156
6196
7658
4674
1793
9348
6576
573
2381
1545
696
3002
144
7080
1594
2360
3531
8648
5362
6890
2283
5257
9592
3379
9648
9521
8984
6398
8409
1153
1678
9514
5550
3959
2384
9090
5146
4845
1991
5610
6419
6062
4778
9141
6487
1817
1753
9108
2260
8478
6196
2825
8323
9685
9110
25
5618
2238
7185
1872
7534
6291
3639
4559
1370
505
5170
3968
2222
2757
1153
8330
7166
2332
5471
8432
2517
323
6945
5459
9967
885
4572
9816
7296
6835
4161
3812
932
949
8375
7988
8164
8351
3891
4650
6098
815
7317
7169
4945
4082
7794
2769
6227
5206
538
8206
5808
3402
5334
1115
1457
3730
4416
3900
4454
6935
8638
5641
9130
4331
1548
5406
1025
1322
6309
3327
122
1196
6254
9625
8007
9607
3423
4420
950
161
3678
2100
1708
8706
9754
7503
269
4312
7826
6169
1018
6821
4976
459
9335
1859
6469
9682
8888
9320
8545
7219
3175
8484
8175
7964
7861
4471
9547
4838
7003
5456
4289
9287
8827
2656
4580
8787
5320
8668
8039
4899
5982
9681
5579
8318
6032
898
9558
7731
876
3246
3084
6889
8765
5709
8605
4173
7325
7736
4635
7307
3573
4200
1349
9848
7554
7158
5541
6940
8518
9874
1091
909
5528
7071
5172
3878
8728
4732
4003
7574
3412
446
6633
4981
5648
4024
6092
8594
6133
6893
7378
5511
185
6380
688
830
1654
6985
4083
5021
1146
1773
8954
7292
7259
6916
2382
1464
4148
7700
4975
4256
5153
2301
2253
3868
1123
988
176
2653
736
1033
7524
7855
1546
4577
6244
2891
3706
6414
6433
746
9337
8193
1376
2500
9339
5410
4142
4918
1960
6814
9888
930
3048
9280
2523
6945
5835
3338
1676
9651
9106
1666
2886
70
2381
3162
1190
3989
1058
167
6260
2984
7495
9347
9192
9561
812
5854
4727
5847
3976
2367
3753
7891
1566
2025
983
3896
4043
8009
6310
5975
1151
7595
8507
3600
4630
6716
2106
9198
8194
4570
1231
7465
7975
6423
8104
415
6818
4221
4781
1116
4183
3947
4173
6757
1269
8285
5430
7845
7288
4811
4145
6847
6828
3928
2135
2274
7464
986
7476
3914
4206
8409
3159
1907
4254
656
403
153
8642
3281
5109
6043
2121
6517
7793
4493
1267
4801
4076
1069
9750
996
6160
3437
7291
9613
1600
159
4264
2121
9368
3071
2219
8601
4623
5754
2111
3299
5276
6252
414
7247
5042
487
8164
5426
2730
3407
6667
5975
9915
7059
3480
9385
297
742
5378
8157
1447
1355
4986
332
2954
1151
2843
7327
3899
7440
7136
9251
9768
5004
9836
8620
3561
6036
5658
8773
8810
5567
8017
2101
9849
4795
5332
7421
7182
5198
68
3358
5954
26
6562
7240
2989
4575
8900
3150
4480
8299
2819
1461
5612
5773
959
8122
6061
4343
2272
7891
2038
5089
2106
9773
9178
1257
1867
1557
1828
8329
405
5379
9508
2497
5859
4945
4359
2051
3913
3481
5601
4670
6860
9932
4010
7730
43
2511
6578
2898
6441
1407
6738
6472
1096
9157
9905
6018
6916
4453
5951
6618
569
1840
3490
5811
5265
5130
9578
6479
7534
7510
8307
3134
896
7037
7239
1840
1716
4397
3773
4668
7482
5662
2994
2825
3969
9792
3730
5145
753
4800
9779
2822
9812
6681
7695
5652
7186
2599
5084
9286
9207
9527
9817
301
2771
1899
775
4379
911
3594
7905
5158
3639
6947
2586
3656
9944
4193
5890
707
8278
8074
6372
2561
6378
4722
9199
9913
6568
7085
6111
5502
521
7186
1543
5729
3305
1083
3310
2871
1454
5192
9683
6054
9075
8211
9278
7144
2321
5406
6516
9586
2473
2616
9078
5183
3584
4127
3063
8789
8823
8544
4952
4905
6870
3930
9058
8446
8309
2944
4463
7336
4087
5261
1990
3711
7171
7585
1377
1039
8896
7754
2844
2492
9548
6766
3261
1667
7865
5508
474
1468
6597
2483
6987
6492
5796
818
7597
3894
5916
3695
3216
9361
4781
1643
2542
1253
875
8674
3929
5327
89
6264
703
6868
5732
8495
9404
7618
1945
6102
7789
6642
4628
9851
6316
8202
8406
5232
8573
6383
8337
5371
1204
951
2484
8728
7536
9308
8414
9962
9656
