9052
6751
4145
8016
6687
9058
4276
3321
4128
480
3282
3372
5897
9888
6328
7573
3992
7237
9473
9943
9516
4699
2376
2340
4630
6047
7223
4970
5391
4571
2894
7773
3160
1885
4703
6205
4363
1906
4917
260
1185
2084
3381
9870
8846
1854
3533
8005
3670
6552
4778
2793
899
7316
9013
1448
8910
7603
2301
7599
3402
1124
4544
8077
961
5594
7554
1712
4614
3913
752
9151
9770
2093
1999
6947
4346
8888
9710
2755
6085
5318
1610
8810
5307
8525
5727
6967
8176
2214
8012
65
1968
5795
703
2677
9565
4812
9712
6958
9076
1418
4954
1359
7006
1343
6595
672
8914
7344
9357
1490
6872
6545
9909
5201
5624
9979
9641
9749
9824
4108
759
4645
4676
5627
9216
8201
5376
9494
5035
6169
8633
730
9686
3736
9362
8910
Kollision bei: 8910