6562
5002
2885
3370
101
4776
3087
7705
7903
1173
9059
166
7797
5940
1123
1653
111
3562
4604
2158
600
7985
2555
1469
2523
6965
6288
7077
637
9342
6507
2609
8650
9739
226
6665
3288
5111
1940
5837
4088
3787
9832
7729
1515
8208
5727
1269
1536
4079
5033
6032
747
9159
1907
8280
7682
89
3021
2385
8193
7428
7498
9104
7741
2760
7217
5738
5238
7561
16
2542
4821
5682
3632
8811
1749
6355
4403
1727
6078
9625
1498
3918
7052
489
3795
7451
8686
2584
3744
2326
1930
5322
2211
6130
6910
7653
9941
3314
5538
449
5606
6575
1641
2334
6206
9448
7847
5042
2770
8423
1164
4638
2243
6268
3261
9675
9728
8456
9396
1254
2859
2664
8014
7974
537
1580
2098
4294
3139
1075
9570
2211
Kollision bei: 2211