6200
9708
5190
9061
2949
4164
6480
8101
7782
6710
1199
7937
8574
9560
2579
5233
5119
8288
2391
2042
4330
227
2435
6153
2771
4191
1039
1800
2416
3905
2113
3712
7600
9987
183
3227
4472
8422
4288
5380
5768
9320
7605
4718
4733
2401
3894
5565
7776
1456
4094
693
6347
5213
2200
3342
411
4587
1003
8976
5632
9244
1393
705
9010
2272
4758
2952
6862
5612
2891
3053
3246
2563
9625
4463
919
7796
9523
4881
3772
4223
9781
7106
303
4741
3673
855
4520
9451
2920
1048
702
4026
7197
276
4402
5351
8805
4225
5307
8698
6851
8004
7675
7309
6128
5385
5105
5523
3503
8784
600
2322
6031
3220
7789
1246
9209
4313
7662
2004
2265
5409
2509
3520
5786
1723
7411
6395
9450
122
5042
500
3677
2061
4435
7561
9693
1184
3566
9411
7582
4158
8392
940
3968
2480
9831
6542
5118
5735
6785
8761
2371
1794
5282
1248
5708
1148
9691
7872
6504
3846
584
1502
8220
9516
7274
2572
7300
8775
5891
4312
740
799
6145
Kollision bei: 7106