8483
9125
279
8739
513
4081
902
1727
1322
8896
13
7760
9541
2041
8371
4446
6539
4708
9557
6024
7820
1925
9438
5956
2767
2358
8690
3143
7654
5232
8218
9181
3328
1605
3978
6614
3544
6221
1343
7533
6458
5226
1412
4438
70
3738
4083
2068
365
5658
632
1364
5320
1186
2369
4057
4697
8112
7970
7013
921
8132
7910
912
9152
3734
4303
4360
9763
4367
3262
694
2263
5434
7278
9961
4147
3464
6731
7681
20
1818
992
1225
6507
1583
4702
7234
3601
2875
200
537
7930
5248
1291
5060
2583
6299
4812
6702
2373
477
9705
8700
388
2116
1201
5419
8674
9766
5615
856
9429
8714
2210
8092
6839
6323
8936
9810
8347
1113
9160
2663
1199
2885
4655
1164
2794
6937
3107
27
5396
1435
5171
4900
4853
396
6047
3442
693
3816
3604
9727
2147
5036
2143
3424
865
2015
4323
2030
701
7503
4550
5491
8554
5370
2550
4222
5052
5765
1192
2290
5779
2091
9201
7985
9423
7958
973
1056
8546
2483
5533
4648
6739
8565
174
2233
9486
5353
6996
9546
3944
9537
8774
8625
7233
4160
8434
7739
5138
9937
1857
5081
7622
9332
5797
4040
1173
2917
7215
107
9771
9834
7646
6295
2168
2746
5730
3563
368
6309
2126
2602
6979
4291
6251
3878
2934
5245
2009
7674
1984
338
1280
8723
5185
7095
3781
3917
2332
5007
8137
1638
9478
9586
7323
6241
3959
1021
3006
202
4285
5910
6293
8881
7471
1177
3434
3908
1071
9332
9502
4349
233
9900
2138
4949
8824
6890
4741
8707
8440
8118
5486
5126
7350
8430
7497
202
7667
5347
6279
1594
9063
2304
6349
2403
4947
5335
5687
1089
4047
314
4021
9721
2785
8771
7523
6257
8895
3041
1095
415
5468
3455
3428
8029
7694
4211
2171
2950
1489
4352
2225
9632
4996
2344
3083
2438
5760
2289
1349
5968
3305
1122
8995
9921
558
7211
9007
6493
1642
8831
6225
4373
685
5935
4317
4784
3668
2147
5813
360
5924
9319
3903
1295
5975
2401
562
7644
5181
9723
906
1237
1059
9617
2619
8554
4113
3704
8226
5404
3869
7384
246
7928
7070
2952
8605
5988
6427
1317
2908
4885
9057
4286
5271
8762
6675
111
150
5513
5004
6872
5912
836
9616
4570
673
1752
624
1741
5311
5234
8908
2497
3259
1565
9459
1807
3658
3500
8327
5658
5027
7344
779
2200
59
711
5470
7111
7500
3523
1105
2798
2212
4562
4852
7217
2361
2094
9055
6160
6379
483
7468
5149
6946
72
2610
5976
8710
5740
9291
1464
9822
3087
2503
7080
6720
5930
5146
7420
5159
6523
49
511
3858
6865
930
2907
4392
8753
8913
6515
5978
643
8143
6320
8241
6140
9100
5446
7671
7960
1821
8579
7665
9747
1353
4820
6793
2453
5837
9395
9099
6664
224
9984
4837
5751
1872
5483
9969
7573
2635
6364
7647
7734
9162
6431
7691
7534
8216
3071
767
8116
3632
8078
6433
1395
5252
1870
2988
2669
8330
6975
4380
4140
2033
8773
1635
3975
7201
5
5081
9133
5184
3101
512
8833
3313
6493
6245
6818
3847
9702
9698
5957
2584
3661
2177
5089
3436
7163
2443
4071
9717
9092
271
3180
1672
8818
4414
3173
665
1038
6050
2974
4581
9243
4671
5159
9641
4943
9442
59
6896
6158
2326
3246
1129
341
9829
5586
7863
975
6187
9494
3889
6615
39
6156
5850
3691
9035
6517
7628
3610
8978
2764
1405
1562
3697
619
6564
3608
1910
1742
8581
9389
2749
4242
1159
3321
5074
6233
2742
6078
944
3006
8964
3676
3592
223
6443
7300
5117
5372
1070
3516
3148
2906
2061
7070
4986
7043
4343
8285
8325
4062
2842
5589
108
3927
5670
3229
4618
1531
7679
3132
7134
819
6849
7477
4102
2906
5966
2225
1034
3404
4371
2184
5381
4333
8185
5915
8973
8739
9095
3040
9140
9729
9524
7387
2647
0
8122
9654
5748
476
4470
9309
2056
6905
556
2616
1126
6689
7704
6806
612
4827
4463
4274
5647
3624
9812
1253
8095
2925
1558
3720
3846
7384
9478
6227
7793
4386
375
2103
6033
8864
2910
213
9139
805
5545
105
8395
7959
2060
4566
4064
9148
1894
2799
9168
6593
4818
8608
20
9494
7417
1527
2527
7706
6805
705
9392
527
9265
4549
6919
4138
2028
5031
5203
5801
5164
1851
6473
9425
7439
4151
1314
7219
8428
7795
2348
3562
7400
1391
1568
8403
6021
7569
1299
4953
7477
5385
3654
7229
9996
8339
8408
2847
3155
1337
1900
8219
6473
9842
85
4306
3012
9835
7917
5812
6149
8865
8021
5335
250
9560
3255
39
9708
2074
5223
8250
1577
6639
3080
8414
4396
8822
6683
9826
1128
4062
5170
3438
1108
1731
4770
7519
4000
7144
679
2419
8693
3165
897
989
6587
8893
9932
518
2484
1863
5918
5489
9093
7079
2874
376
6117
6561
5521
8920
8142
1417
8056
454
5585
4769
5508
9580
8966
3504
4786
3172
1153
6187
5011
7168
8591
8003
1237
8196
6592
604
2189
5329
8511
7013
6143
4814
2460
504
8896
9205
7626
4863
7763
9383
6644
3313
8320
2093
5979
3064
7123
8284
9403
944
432
964
411
6911
2596
4037
195
2859
3462
4399
4360
1788
5245
9492
435
8448
9131
1804
6304
9796
8903
8453
6033
2918
4776
421
5250
3972
157
4254
7288
2528
1162
9964
963
8755
3341
6974
2963
1738
9887
1774
9334
5218
3798
5503
3103
3100
3526
3026
2499
6636
6391
4885
3980
8132
306
5241
6176
9688
3894
5358
1340
6478
8647
7517
6026
9428
9974
3121
8290
9517
779
4067
1837
9833
8367
6737
20
6384
198
9163
7223
8859
5481
4313
5754
6624
1890
9516
9913
2760
1920
1904
2412
7246
2699
6106
9189
4934
7345
804
6950
3623
2303
6850
9856
9575
2699
6912
7271
4753
8734
7482
1505
6149
495
1399
3261
2669
4010
9763
3648
6408
6464
600
378
341
8152
7832
6551
9373
4179
4026
1154
5596
3629
3166
5684
8366
6224
8671
4186
1795
4658
9828
2036
5310
6110
8034
2442
8736
3056
1794
9465
9259
9434
5210
2923
8214
3540
4763
6757
652
8272
6343
6266
945
2331
1901
7084
307
2272
4018
3298
1032
4935
9709
9286
3594
5706
974
2997
4540
1047
2636
5849
6263
4226
3915
4820
4421
1714
5447
6546
5881
3324
2239
7521
4553
9069
1472
8237
2922
8800
5885
1572
6023
4703
8344
5816
5197
9302
7888
7555
3381
3092
5991
9188
4510
7163
606
4807
9639
726
1423
4339
7319
5450
9719
6285
7113
2453
3390
9962
6615
5188
8196
6626
513
1408
3258
8960
9354
8696
2954
5878
2304
3354
7508
2509
646
5114
8295
2026
7839
1253
9768
6636
1529
4032
8769
5777
6164
8745
5593
4312
830
5183
8140
9778
1436
6382
4071
8978
3367
2178
754
9459
1296
3805
2666
1513
8721
9219
8346
7471
7970
9682
229
7984
6389
9536
7267
7281
4510
1596
3078
4667
5474
9574
1399
2182
7499
1243
3538
6289
6278
8217
5243
8319
9962
4193
9051
2299
452
7370
9931
1228
2963
7745
9339
5395
6829
9326
3696
4881
9596
2163
2776
1142
3641
414
5003
8740
7779
7165
8496
2306
3020
8849
664
5612
7825
1274
7595
6392
4163
3874
9902
2963
3431
4167
6286
3754
9254
448
7308
5269
1201
208
180
5277
4998
2264
5019
7806
7671
8007
6996
7448
973
5421
7424
2560
9401
5485
4576
1235
4370
4097
2888
9146
1392
7447
9537
9320
9284
1208
9691
8785
9154
5449
6702
9909
1420
8651
4571
1370
9564
3614
7108
184
637
7954
5556
237
6423
8765
1612
7857
6277
873
7211
7987
5045
3365
3337
1394
8171
811
8241
9177
306
6370
5129
9138
2352
9178
1295
7515
8037
6980
3793
6773
3312
3076
3849
2633
366
2527
9268
3061
2800
4142
9277
2052
856
2677
4010
5724
7951
365
1042
4593
934
7389
5818
8327
4295
904
8635
6868
9783
9823
8402
2036
7354
1927
340
9270
5779
421
5819
5268
2039
470
5537
2240
8461
1772
9784
2553
6212
4770
2019
5405
288
4448
8149
5704
7187
3098
9412
6747
4404
8243
5161
3656
8735
9471
5751
1930
9321
5845
6918
7585
8910
5780
1163
379
5720
9869
3254
3582
1486
5037
6295
3393
7687
7182
8253
4123
9513
9076
3229
8595
883
6914
6763
3734
8419
2703
8184
2567
4196
1411
8665
2641
9240
8923
2655
4008
7390
940
4536
3566
8128
3252
3250
8577
4396
8444
7543
4545
2189
5881
4265
7456
6805
2434
1548
6706
3097
4988
2634
5459
5705
7745
6039
5592
1547
8464
8914
1661
3954
413
6116
14
2768
793
9912
2001
949
540
1031
2144
5635
111
6558
2037
7600
4246
3295
6271
9095
6458
5409
8785
9483
9797
277
3480
3977
5702
8134
3981
2313
2949
7564
6449
5776
7313
4493
7925
2774
9764
9152
6140
5631
760
8848
6936
4200
5666
857
3281
5039
541
7970
8420
863
5986
2422
4536
2711
99
5873
9804
278
8647
1956
8492
5126
271
8630
2914
434
215
5863
3192
6004
921
4081
8972
5168
8843
7693
5341
535
7496
4591
8594
4216
5804
1360
3818
4457
809
1638
3614
7390
9383
3922
7970
7156
5225
7061
3514
4541
6042
8351
9817
1048
4613
8486
277
9964
3460
6656
6423
2657
4081
7822
4750
5179
7560
725
6099
9587
9805
3945
662
9540
874
6680
8904
7839
5729
8592
1522
684
8384
5726
8483
4766
706
2724
7255
1265
2081
7382
6434
6562
3866
1282
4092
3803
8217
9353
9686
9369
7459
4846
6170
7340
4867
3418
6113
4603
8588
8266
3503
9970
733
4854
1784
4313
6562
5998
2774
178
183
2706
3506
9454
1799
3903
1168
7884
8787
1553
4647
9247
2415
3738
3133
2635
9766
2253
290
1484
2365
1639
9651
5939
2645
3291
3951
4862
8650
616
7750
9699
8233
9322
8940
7721
7662
697
8301
9923
5467
8209
6571
809
3924
2527
3267
2532
3271
9173
2862
4710
9354
9451
435
8036
8221
5714
6778
4194
5710
5862
6907
8233
9403
287
9460
7431
3762
8484
7545
6963
3620
2173
2966
2507
5768
1027
3856
5228
4267
9030
970
1613
2693
1562
8244
5913
232
6623
1949
5879
2530
5836
6761
3239
5681
24
8477
2587
5174
5444
8295
1360
3858
24
2363
8120
8045
7225
1384
8630
373
5459
6010
101
2355
473
8440
5828
778
1014
9677
8546
6153
5791
4820
354
6912
2791
2780
3915
5983
3870
75
4431
4617
823
5247
6806
9735
3317
128
3734
4873
3441
8513
2273
9928
8570
7317
7883
3127
378
3726
2919
120
2433
3968
1821
9995
1073
7412
8234
8064
5797
5577
1972
5886
6638
3093
5351
3596
3915
3882
7969
4588
4436
5651
4007
6856
499
1341
5218
8196
448
6275
346
8307
5432
8881
6621
2902
1097
8682
3771
6943
892
5221
3473
372
5600
5586
6481
3582
4479
5483
6810
2657
383
3445
7865
2294
1015
2230
3356
3156
7787
9296
8158
5038
9239
9387
8149
4261
2724
1713
6068
9934
3706
4675
2396
8527
2146
3241
8678
274
165
2039
8326
4156
3111
4171
8333
6311
666
5330
9501
1980
9073
2122
7465
8444
2466
8690
3721
7757
9174
4238
9815
2434
4800
5655
5545
1955
2487
8207
1931
9516
1250
4434
4920
4609
4495
1176
2133
943
7088
5463
7514
8926
1923
9989
2366
3619
6765
7595
5022
3041
7602
6005
5881
3791
8675
757
3499
2437
916
1416
4868
1888
8969
7952
8004
645
8253
6321
2758
7282
3054
8903
2838
4096
9368
9716
8768
85
4076
5352
5095
7814
1277
7001
1438
1193
8280
5090
2038
7576
525
1431
1717
6337
4286
3526
2703
4363
722
1049
4548
676
6615
1064
9462
9093
5858
8252
9221
2583
5140
4750
6280
5470
4363
2238
1754
8675
8065
4640
847
4768
981
9776
5938
8165
7077
4694
3596
4311
6933
1973
6515
9128
8814
7357
1421
9346
9622
9168
175
4412
9335
8418
5510
7567
7487
9129
9553
8739
4580
6036
5097
4498
5314
3368
6383
7646
2834
597
5904
302
2008
6440
4775
6979
6329
8250
6207
7481
3863
9317
9603
9498
2827
1942
1493
6444
1326
7518
631
2603
6548
1282
4441
3841
5637
8835
7551
3825
4249
8328
6894
1187
5152
1671
7428
3801
731
7250
1089
3232
6058
1678
821
8899
5331
5631
7495
9018
7324
1616
3392
4015
597
7406
9218
9169
6005
9476
4952
1777
1263
1313
2731
9994
736
4821
6285
2094
3496
8619
2966
1819
1635
5536
1257
4156
3555
4850
1427
1548
1020
6355
2751
8181
7419
2973
5960
134
4196
9519
1036
2212
4231
1654
6362
4855
9261
3911
2808
6549
7765
8136
7619
4268
5750
2974
7299
5081
2192
1697
570
9350
8867
4700
9978
6815
7227
2209
9296
21
631
4665
6113
5484
965
2953
8143
7295
7307
4144
4535
9411
3956
6989
9787
681
9318
6221
1383
6269
636
3506
8210
4652
2117
319
9347
2914
5639
6943
7613
6433
8113
5334
2665
6190
7709
1696
3983
5365
5470
4277
320
1996
9435
734
8866
8261
567
9553
7049
9822
1037
9847
1263
3042
9733
2975
3696
2594
1573
1564
4180
2126
2215
5385
1945
2989
8707
9117
9741
6845
4345
7434
4165
4068
5677
9487
1917
405
2607
8397
6237
7726
3829
134
4387
1837
2968
9409
3955
6643
4616
5786
2968
3345
5325
1655
197
7247
523
5270
2205
8236
385
3729
2459
6671
3950
3188
5935
8795
1920
9349
1718
2210
2714
5137
9573
3136
2481
5864
3937
3608
4532
5983
2765
7357
6742
6259
4577
6902
1306
8989
1044
8404
3449
9233
4406
5520
9570
8096
8253
9261
3007
9278
4602
3997
9951
8030
2198
2704
8070
6233
4638
1783
3773
4189
8568
3974
9143
9714
4929
8215
8450
4648
2613
8843
2342
380
1130
1500
2653
3769
794
2399
9231
2508
2379
1237
7449
544
5404
2464
121
9959
8254
5426
2120
5802
7612
1680
9332
8583
9033
6390
1209
7514
6629
3173
2988
7431
3643
6311
1220
8691
7994
787
9941
4386
8398
9980
5338
6634
5403
9764
6254
5559
9013
6237
9863
4824
4702
5856
768
4071
1821
2311
882
5894
1047
3252
9182
4197
3005
6981
4441
1664
7506
5439
6501
4820
3767
5335
1879
3970
501
5792
2522
4028
3719
5422
8528
6989
161
793
7680
3253
3472
2621
289
5538
752
8190
9505
1530
9348
9177
7170
7397
101
6134
946
7255
5146
9578
5445
7643
4849
9688
6145
1259
3703
3703
1894
1372
4378
2863
3656
2070
664
9565
6490
817
803
1719
3289
603
1332
9385
6626
5142
5192
1933
8961
3023
8619
120
8647
632
2112
6529
8215
5064
7307
1118
7389
6104
6043
3831
5467
2030
1159
8763
6306
4518
7956
8001
8153
9948
6224
9527
7533
2343
7182
4630
8309
2079
4990
7959
5489
8383
3064
4526
9823
2150
9301
2868
7785
1767
1323
5316
9614
3136
4387
3099
9675
4423
6872
2162
9302
7824
7710
4103
2119
1468
2972
5095
2404
60
7383
5161
4311
9187
5805
4340
8974
3225
843
4960
2190
8876
5899
1642
1269
3232
5230
3601
8523
5783
5410
6413
4980
5516
1616
5183
453
9017
8533
9843
2976
6185
394
3779
3757
3272
1650
9365
3751
1702
4479
5893
2065
9402
6194
7357
9587
8163
5693
3728
9813
9642
8262
7382
3686
5139
4779
8145
5641
8659
7453
1439
9773
7611
1547
8136
6296
4994
2843
23
4383
6065
9686
6374
181
5095
4273
6914
9197
1997
9780
653
9645
708
1561
9042
2017
2842
2771
7987
3833
7484
4089
9134
7473
3557
3229
5150
4891
3605
7693
4430
7914
301
885
2264
2589
1718
1934
6188
4279
6177
6247
2652
7767
2009
7583
4004
9801
7461
7116
4487
968
1801
9500
500
3262
1420
1653
5191
7097
6309
3883
364
7308
9886
3966
1071
9199
9963
4012
8863
1524
3332
1866
1729
9608
861
9483
9600
5857
102
4074
5361
7978
5103
2938
9781
5288
5492
5352
40
3256
838
4745
3623
7624
7593
1782
5326
878
9706
6272
5727
9465
7305
8785
5055
1426
2564
4369
2330
3758
8116
4801
8151
3555
8400
2600
2646
9076
8351
1512
3269
3995
4780
876
5778
3922
1202
8144
3979
3407
8102
5229
5057
201
6900
1712
9755
5691
2706
7349
5207
916
2817
1541
1035
8199
9089
7209
4010
2918
3236
5626
9474
8055
2667
9303
9393
832
7516
4306
6200
4308
1029
2552
5912
5738
4907
5418
4745
2278
8955
140
5354
1318
5249
6138
2386
5835
1111
5106
7797
4066
2597
2498
530
494
8871
2591
4281
1012
3564
2319
4026
995
1194
6932
3464
3069
3663
3829
6861
8135
7811
8074
3559
7129
7465
1875
192
226
5652
2406
8699
7419
6822
1508
3402
5686
4612
6311
6749
5411
1525
7098
8485
1918
3113
4997
8182
1993
375
5091
3099
5474
4622
7074
435
3808
77
3046
2921
8143
3966
7722
3297
3254
8204
7828
2270
2449
5366
8340
8129
6880
9900
2665
2540
1739
5702
2400
2453
5440
4372
3514
9846
8427
7488
9848
2769
5041
2496
2437
5664
984
8023
1361
5882
9334
2235
3302
6674
3157
5089
9225
4410
8288
980
1678
357
5725
1733
6776
4713
9703
8845
7484
5523
7286
2669
3120
1893
7661
4166
5606
5962
4896
5989
9327
4459
7344
9814
2334
3162
1333
1785
1674
7850
471
8466
4559
1618
2888
4090
8049
6423
7185
9796
7086
214
9448
8474
3951
4947
1675
7413
9419
8555
7596
5531
8153
4278
8424
5714
6623
1193
7685
3411
9228
5240
904
9370
2846
8392
3761
522
9792
6673
932
1357
6756
5059
4292
7817
745
9104
3101
3166
9273
1575
5454
3836
882
9665
4786
7954
3967
2292
2058
7953
9586
8949
1400
7007
1200
6234
6778
8023
6041
9517
3441
4685
8450
9581
174
9391
6177
3279
9208
9255
1396
8962
4572
5342
3887
1615
3953
4507
6720
1007
3686
2088
6176
6518
2875
165
937
542
8617
2198
5518
8927
9967
4151
6332
537
2650
9265
1035
3620
6448
500
9360
8911
360
9940
4835
6389
1098
7952
1751
2637
9135
6589
731
336
7252
6881
2205
3494
2065
2347
4150
7545
5280
6176
1973
3291
3052
5553
2812
3780
4552
2568
2033
5715
8280
2417
8786
7989
2112
8534
4521
4532
8792
3954
8695
6663
9272
5463
400
7191
5142
842
7554
6465
329
1708
3651
5655
5464
4
4263
8146
5092
3736
9259
7762
4031
619
8145
8117
1000
5168
3704
7926
789
4812
102
5693
7195
1754
5813
7381
8700
7288
8312
4458
6829
5934
4521
6833
3235
2655
8480
2434
2554
5000
7345
3392
4082
2133
7091
9065
2726
8371
5481
5928
9018
7232
1535
1912
9760
7422
6578
7843
5271
3191
508
2697
1873
3403
6650
7196
9296
4212
4060
72
2572
2810
2153
2912
5523
1459
7165
5843
4029
7618
1072
4878
1403
2096
8131
2779
2988
9896
7545
7255
6396
9788
1616
3393
3177
1318
8396
6685
2370
6105
3006
9593
9167
5445
9286
9415
7208
5704
7330
4905
387
1442
9345
5499
3900
706
2904
1226
1347
9676
704
4003
3901
9900
859
8646
1512
9187
5873
1336
1584
144
5211
4984
5366
8347
6475
4809
8451
3594
1542
4926
4841
2086
6319
949
1234
6296
3538
5674
6184
5645
6937
1596
5072
3881
430
6732
6611
4760
6014
321
8715
2079
134
3529
1062
3232
7533
1946
778
1932
4446
4999
2854
5475
8928
7486
4304
744
7299
7502
7456
6000
7561
1205
2840
5960
3071
4007
2958
2662
5479
44
4392
3944
9652
1072
8851
5225
384
6558
4528
5506
7277
294
9836
7629
9190
4747
1498
4244
9794
4154
959
2584
4373
4676
8793
1966
6162
1676
2701
9460
9264
764
9099
8545
808
9362
4273
7274
313
1512
4857
3504
2840
1617
1311
5575
2647
4991
1268
7346
1008
4290
3448
7194
5007
203
4855
7437
7689
8990
211
4931
2589
2854
3657
8012
6086
4466
6867
6374
9050
4653
8953
7482
9746
4188
2805
9045
981
5600
2258
2437
9667
2219
7728
3177
5052
3071
8855
5243
507
4018
4708
5178
6002
1118
869
975
9123
8085
93
5185
840
4369
885
6916
3023
313
8832
7740
4182
8656
8344
2048
9471
6136
1162
8874
4400
2580
3099
59
8457
5434
5478
7610
8355
7799
2051
4749
4162
2765
1253
9104
6
4152
2128
642
7636
8590
4324
5728
7020
8500
283
4857
1750
3885
8619
3776
5886
9565
9673
6816
793
4588
7851
2106
2995
7
5671
601
7431
16
7437
9671
4426
1365
4317
4248
3780
1454
7863
9524
3180
8000
4974
8499
9199
2527
8023
8288
3708
6464
8740
5072
3055
3180
7191
4988
4536
5008
1813
4041
8615
2193
1481
5193
3207
7582
8626
6875
5092
6686
9227
1549
58
3735
4164
8193
7771
9888
7506
7022
1293
7023
7216
4765
702
6620
1888
2948
2484
8871
3218
3712
5062
2005
8671
5003
9456
8661
4530
4909
2407
6192
3220
5374
4042
6383
1587
6777
2368
2759
7999
8525
4356
8559
9505
7773
2042
5714
696
6023
6397
3104
6736
6130
2566
5663
7777
8224
3611
4638
8034
6035
7473
8874
7816
2828
9984
8122
8591
5134
4466
7061
4595
3137
9079
340
1307
9907
3784
2257
1795
7801
6005
990
5957
7267
7005
3651
8387
1581
906
2879
1988
1937
9639
5231
5049
58
4799
3357
5626
8500
564
896
5233
7151
8856
3441
83
2482
8715
9310
3494
1981
3809
7335
4116
2678
9839
9861
2571
6309
9410
9274
334
5003
9789
6052
8811
5453
4445
7404
3049
7759
8250
2395
2750
2395
7244
4971
5883
8800
9655
795
6645
3463
8181
7901
1953
1777
8111
1737
7419
1405
5848
3653
7266
1926
8069
6620
3635
6648
428
2266
4945
5667
7545
9626
3182
4008
8535
4710
601
6544
817
8606
5060
1196
4213
501
320
6055
81
1620
6391
9496
1982
3105
6678
9412
9813
4747
3205
8320
3218
5660
7925
2660
5268
3297
4853
7290
1693
6118
1232
2390
2045
4314
6694
9200
7909
7538
1381
2396
7242
4634
8837
7291
8793
1541
45
6794
5249
7285
4197
952
9905
8070
6473
7590
4815
7045
6422
2615
290
8815
2500
9830
3037
9460
5664
6646
9
7498
1861
7636
1965
1293
2903
2425
2157
8788
9307
9933
1052
1279
4566
4981
7822
4940
9617
8861
6943
649
2886
5888
2026
4484
5257
7316
455
9503
3142
2467
9381
7887
291
9971
5999
2195
8385
9223
781
7809
1717
5535
6634
9004
8925
6731
5934
5010
5089
7917
6215
1522
7960
6139
2489
8026
6132
7860
543
8111
3547
8074
6988
9830
5491
2557
6483
7295
3912
1801
7535
4305
6029
1366
3088
7776
1070
8909
5011
2027
3869
9354
5500
8306
1585
1356
6610
117
2007
2602
2744
6056
4340
5552
9556
3299
8920
310
7405
5637
416
3506
2086
8760
7145
516
7809
3519
8188
7359
5586
4364
7754
7976
1665
9231
3813
6982
7195
3385
7512
1242
8838
9503
980
8552
8143
9273
1097
9843
7506
9546
2589
9926
581
1002
4668
5215
3666
3694
6684
6966
2799
1657
8123
5307
3099
8796
2999
5246
6551
3514
4762
7384
8606
6679
6432
9479
7490
3614
935
710
1045
1968
5682
9178
7586
1802
9098
7401
5606
4928
3457
1110
4557
3942
9620
7383
877
4622
3900
4568
6953
4907
5041
8856
883
8276
4076
6672
5682
6916
4567
1684
427
9358
3940
3058
3167
4157
183
7896
4513
1770
5024
3794
9298
519
2201
6720
4715
7352
2904
5206
694
2225
7329
6718
3978
6362
5036
6120
2689
6896
6270
3745
5335
5685
9911
6289
9537
8903
8183
574
8504
5678
6685
47
5169
367
1870
8267
4330
1534
6686
3103
2482
3648
2543
1822
4182
4318
8099
4930
3012
2293
623
9041
5485
4827
8910
5004
140
1900
3774
5137
654
1362
1420
2512
7053
6883
7895
3050
5453
1316
3539
6437
3313
3788
5309
2892
2699
6099
7702
6627
719
3897
9486
5625
8130
4083
4366
2246
2884
6367
1809
3940
2279
777
2352
1721
3259
9575
7769
5938
4216
9951
6363
7548
343
9144
641
3916
7966
7469
9912
1855
5878
4254
4799
1803
2826
9713
9386
9060
8397
438
883
7418
1704
9880
478
9984
4512
7375
534
152
8768
6818
7257
9465
9992
505
7325
354
2738
1153
6478
9017
1628
4505
3494
4508
5415
8073
7191
969
3499
9987
8648
8169
5877
6561
1369
710
5310
7150
2324
4942
7369
9073
6610
6848
696
595
9735
1955
1163
3010
7820
453
3463
3678
5399
801
8463
4304
6009
4378
6866
1963
2932
1732
6657
7002
8086
4882
9482
1945
7686
3673
4789
4592
1082
5188
3483
4202
6355
2497
2382
1188
3142
2072
7386
4032
2439
8924
3606
9321
9316
3898
7206
4881
7659
4271
9824
4839
4009
374
8104
6180
7456
9662
1547
356
4196
8073
4901
7074
2259
8033
1407
8187
6783
8518
8520
757
8121
8851
2111
713
6763
7838
5514
1707
929
9661
9702
5226
8101
182
9724
4355
2551
4175
364
2128
3125
8116
473
2830
6428
3815
5585
4012
1691
9218
1175
5951
1840
2376
9246
5586
450
5433
3364
3419
9787
7124
4744
7129
6575
9863
8490
5769
2541
9490
6542
8760
9025
4185
1453
4995
6659
9848
7528
474
9136
7953
9481
6835
9010
6352
5912
26
5663
480
4454
5910
2555
4615
490
5911
8875
1164
6342
2620
1784
1401
965
6721
1675
8651
7507
6101
251
5814
5384
2937
4592
6134
3955
2837
2355
7232
6784
6037
5876
2119
309
400
1511
1818
3487
4281
7100
8522
6755
5182
1402
4906
5123
7614
3208
9999
944
3800
5000
5703
1335
8622
9872
9606
7817
7032
6325
3339
8554
1317
1414
3905
4774
6109
2178
9025
9883
705
8120
6213
7143
5780
7881
5815
6207
2147
8844
2744
2280
7567
2318
6397
5670
9644
4259
9156
7343
5393
8093
5748
4555
9360
2376
8146
763
1984
6608
3600
9570
9829
64
256
916
658
5624
8118
9482
8980
7530
6363
4639
6191
7009
1246
4635
8151
2702
9957
4681
6741
8016
8657
6774
2377
6975
4879
2169
1630
2470
9755
7577
6713
9499
3807
5504
763
4363
3753
3578
1782
9719
9643
3145
9372
7413
5836
9129
9715
2069
1068
6587
7925
5857
6596
736
6308
2383
3532
8148
1755
5990
3206
5732
5903
6747
6103
8269
2196
1479
1782
4003
3052
4102
5117
8554
4698
2207
6173
949
8821
6347
4942
1033
7832
6356
6547
1292
3254
43
3564
543
9355
1654
7125
2390
5149
6484
8796
1904
4625
6334
7136
9431
2506
6893
4196
470
621
146
691
5298
2736
6261
7678
7974
4720
4333
3249
6687
8690
7144
627
4768
6881
1289
5932
7843
5702
5420
4897
557
2198
8710
7003
1773
6693
7357
6981
3857
7384
5777
5620
7188
4648
1479
9409
5160
3331
9008
4946
5548
7052
3498
8999
9226
1682
9778
3903
6160
1983
9013
6747
5432
4999
9250
4090
9942
6000
6845
4660
9726
9488
4322
9715
464
7890
6292
8138
3633
8163
6098
4089
3783
6569
9044
5881
6304
7890
5704
674
9744
3114
7043
2253
8293
4071
3878
3875
1880
4655
6767
8340
1827
1641
6169
451
5305
2257
593
62
8279
36
6421
3884
8997
7995
5003
96
8392
4469
4956
746
1399
3005
1867
4620
3624
7803
2246
6841
4871
1766
5480
473
2914
2471
2424
1482
8356
8585
4449
7937
3468
1532
1343
8974
3049
8952
2947
877
9924
4767
2931
7993
3578
3243
9169
347
7749
7287
2726
4832
3158
2650
8715
9064
4321
9021
4548
475
5796
958
9610
2150
9285
2189
1075
8323
1192
5812
9279
2007
5402
5875
5106
9716
6076
4409
3161
9775
1199
6815
2379
9564
9401
2958
3502
6357
1586
2785
9634
3881
8222
2581
8382
9154
5430
1644
7109
5759
5701
4705
4932
4159
2492
2198
3483
5567
5506
6682
7110
4139
2508
3222
8055
9841
597
1334
98
2067
2314
8149
8821
202
7524
4689
9441
7880
6771
2397
5753
3782
5140
213
9526
6236
5695
3420
6020
5199
9439
3330
8189
5172
7134
2258
1536
3635
6077
1223
1070
3798
7389
7918
3249
5457
1933
7494
889
7164
5632
2532
8371
3148
7306
4115
3576
5856
6855
4793
3680
4438
8808
9973
1426
9325
9579
149
2153
1574
7269
259
2964
2948
895
5839
3962
5650
6699
1208
7655
7635
5601
1588
9208
3829
6858
7104
3279
5183
9064
7361
9524
5593
8624
2952
1496
4667
6165
8547
3446
1774
6706
3409
3241
6030
564
1614
4884
1185
2946
4636
6978
833
6793
5442
3563
933
3800
7982
7807
4974
3637
9559
1906
8989
7771
1710
8212
4034
5473
7378
1900
9599
6215
6386
2640
1370
4223
7373
7859
7458
2166
7621
5516
217
2510
4466
1663
2000
5017
291
6603
2192
6020
6864
1471
7812
1710
5819
3497
9221
6739
5652
5117
5117
585
2828
3614
4044
422
5009
2652
1993
1580
5400
5482
4688
179
7864
7482
3722
6529
1955
3656
4906
3000
6592
368
2308
3436
355
4765
2248
7791
6543
5727
5612
9595
802
4199
7943
5052
1198
7122
1274
7031
5991
4176
3177
4507
5880
2304
2871
7859
3168
5418
7104
4132
4266
8088
6335
5337
9819
4369
3072
6233
421
8372
4720
4578
9544
6190
688
4852
9623
601
601
2156
5032
8881
7289
2219
7237
6883
8411
9139
1904
5700
4437
9198
9732
4939
9755
9434
2038
1692
5441
5829
7562
8786
3101
3345
1762
5112
8363
7860
3729
3797
1754
2254
1630
5298
7587
888
8100
6600
2282
70
2246
6923
3534
4328
8480
6733
7642
6755
617
4256
830
4246
7060
1356
6679
2348
4405
7193
1210
9790
1136
10
8273
3746
6382
4854
2524
9220
857
9668
681
9983
2919
226
5886
519
9075
3330
8034
7670
7494
3106
3355
4930
9045
6198
7107
8152
5940
7188
7524
9255
6824
3004
3010
8203
6762
962
9256
8868
7128
1978
1994
578
661
46
1657
5407
1201
6767
4742
4202
1219
869
5470
587
7586
5
3699
3432
3859
2398
9179
2435
8797
3360
2481
6429
4552
7930
6154
268
1412
9598
5234
5300
22
1203
2533
133
4397
6758
2345
5040
9923
559
5576
679
5135
4635
1116
4048
583
8347
6435
1174
4402
2424
9842
1837
9820
5170
6262
128
6387
4260
9845
5848
6238
7749
1907
9466
2013
5789
7073
7134
827
4225
4544
8632
4944
1374
6626
1589
9459
6190
8849
4308
77
7450
9130
8334
5176
2045
689
4707
2359
4608
4936
4387
9935
1623
8586
9733
6659
759
9985
4584
5517
2354
7783
1427
7736
3745
9594
5099
9291
3548
1801
2161
7152
3513
6363
6565
1874
4623
1055
6507
7556
3270
1773
4904
6815
238
9579
8233
2772
7736
9564
2080
8927
3236
9060
3245
812
584
5958
5701
9908
4361
1966
2641
9199
2841
3802
1957
893
3886
2003
523
688
8747
3818
955
8209
3997
2893
2218
5139
1508
1208
4973
3141
4716
2440
2552
5184
1319
7644
7575
3296
4872
9220
4151
8272
6463
3643
8418
7630
300
753
3782
9741
290
6497
1745
7434
4505
8466
6667
7366
1887
712
1040
1377
2397
5162
8665
9608
6914
7902
3589
2389
5934
6545
8089
9973
557
4051
2081
2392
926
1438
6337
1425
8670
8983
1885
6332
8118
9918
8914
4415
7518
9120
6191
3977
6572
1340
9859
6296
5725
8882
3764
3527
2383
5542
7465
3
6889
8276
2325
5567
1815
2830
1889
4830
5349
8417
2196
9245
9368
1878
3825
5091
9140
3460
4574
1856
1965
1186
2844
7171
9741
5946
7448
4680
5902
7257
6877
606
1589
5171
275
4823
5772
8836
7976
8568
8347
2609
9593
7168
8786
4333
4078
4134
5892
3304
2607
1147
2547
7297
1079
862
3717
2460
4675
5598
5088
1182
5767
6602
1671
9141
5518
9812
4465
7237
523
1189
2050
7773
9905
2170
5064
1752
987
3179
8244
8752
2969
4236
5523
7516
9863
1181
1993
6858
4892
60
9817
9688
5868
5787
834
6076
2874
667
9545
4580
2286
5063
3727
1208
3423
4702
1744
5579
8541
6056
6792
4240
8717
2121
2273
2984
2034
7284
8333
2762
9316
3703
9164
3356
992
9988
1115
1438
2924
3055
8121
2150
8485
1795
6679
1717
6903
2928
940
9609
2584
1055
8498
940
7505
5862
2928
9113
1498
3430
613
2318
8097
7601
3758
7133
2887
2250
8420
6077
823
9861
8997
4446
8228
4621
1037
9450
4782
4948
4177
8870
1440
9301
2455
5112
6745
1109
2501
1746
3604
3128
2181
2716
9223
1888
1554
2928
8373
1841
6611
687
2400
6591
9744
2385
8399
5161
9317
6298
9543
2223
3218
9367
8857
5630
6860
3160
7096
9980
6052
9896
645
6654
6306
2151
5737
1608
1694
3849
6318
4572
2762
9750
7722
8947
9007
1714
7113
9866
4211
5720
358
5764
7876
4288
5686
8269
2548
8992
6914
5054
944
8254
1487
4588
815
9907
7675
8011
7315
3114
5893
2833
7327
5880
1001
3173
5046
1558
5048
9877
3019
9354
4528
7303
987
4596
3069
87
8819
3620
427
5312
6254
3448
8231
6742
2303
483
6641
2911
4568
8266
8192
9858
5477
6488
6082
327
3288
1953
3630
6926
9602
1411
4489
3100
7914
6904
7873
1472
3117
4232
521
6900
2914
6556
5921
3327
6888
2653
7936
5895
3279
1803
6545
196
6048
5305
5689
3471
3642
7734
6513
9129
3098
7031
323
968
9318
447
7877
3708
5574
7392
3485
1248
4655
6523
9408
3276
7694
9044
6268
8
301
5361
78
6170
7205
4481
720
5936
2352
6953
1555
1753
5113
7481
1493
8174
8579
9454
5566
6815
2946
4417
4733
5303
6986
8092
5978
8705
1715
8764
4296
2052
4389
8433
1497
8778
5926
579
1421
751
7133
7407
1625
7060
834
2143
7712
4194
3428
24
4369
2476
246
7229
9052
5598
6023
624
3234
8978
6124
3257
424
4065
5645
3455
6231
7286
4345
7507
1428
5614
9686
5932
8487
4652
2265
5452
7162
7305
7518
4290
2688
1304
3397
985
7487
2424
8057
8734
3819
3746
1246
735
241
4130
6486
7198
2285
435
8960
7940
6392
1859
6079
1219
1985
3350
7282
5220
6678
3190
1861
847
2960
8023
8771
2585
4169
665
3573
984
6091
3831
6492
8306
8966
4588
8951
9347
7661
2005
5761
4380
5485
1665
5195
6697
9611
3013
3505
6731
4681
5501
668
3412
7685
4509
8340
5954
8703
6277
2943
3218
9044
5539
3098
7270
7675
1346
5410
5745
3100
6912
1872
7758
9240
3725
5311
6929
1241
5871
3403
4693
1494
323
5176
9397
2371
9117
1580
502
4163
4705
7386
6321
9547
2827
6172
6111
7701
1656
1964
9644
8861
1671
4047
6622
1212
9050
4958
4079
9790
2262
1507
2726
7938
7178
108
2117
8030
6445
6767
2715
7820
480
5259
4008
2884
1138
4358
5713
6103
3810
664
8442
8454
2815
3699
9408
5165
2524
4622
1545
7984
9791
7452
7058
3072
2056
14
4808
1529
6079
786
8211
3819
646
3733
2348
5604
9086
5292
3216
7558
8949
1707
3132
5594
364
5937
7976
2304
2711
2848
2112
9154
3934
6540
5053
212
625
8112
9091
5626
5560
5495
2339
4135
6535
1085
2961
8028
1681
5843
1744
8133
7492
9049
4073
5404
4914
2555
7194
1321
8352
6715
9771
7799
1238
7879
651
1283
3463
3254
7130
9427
3147
8276
5840
4993
6664
3559
4298
3667
3424
3678
533
1017
8627
7749
5810
5202
6948
3511
5658
1322
4058
4001
8747
8772
3037
8415
3825
8368
5136
341
1888
4074
9390
5356
1740
7103
9868
6487
6604
988
9166
2673
8227
3189
2662
1092
5518
7630
584
8696
3404
5690
7161
663
7015
7981
6341
8889
8577
3728
2575
7905
9193
609
2019
8371
2733
5956
4024
5392
1306
9387
4833
8704
4814
6749
4418
4970
4143
2566
3440
2787
8052
5978
8353
6368
6209
2663
5251
7562
3328
9718
6360
8206
5194
8605
719
1133
9910
1205
1358
2295
5032
4691
5099
5759
8491
9430
6090
2859
217
3132
689
9450
8758
6064
1719
5330
2365
9524
6715
9637
4306
2583
3072
9087
7511
8739
3334
5855
5498
7189
2180
1999
763
1690
5393
7714
3868
1523
3731
2650
977
4133
766
4978
8726
1615
5726
3310
9424
7049
7872
5150
9436
8037
1610
1993
7187
5173
6411
8763
4255
6185
6013
1693
2663
4434
9095
5150
3350
9288
3199
2315
8842
1893
9853
3168
9993
5340
7258
59
1661
5545
3975
1737
7248
7895
6810
799
1507
8376
8260
8695
3448
4436
1150
9717
7231
8849
7169
7701
9853
8426
8916
2708
7913
2864
720
1383
1361
9322
3088
6027
2665
8778
6132
4106
1571
2254
4325
7750
9626
8560
7155
5206
6904
9274
4441
7643
8952
5945
290
9693
4454
7677
6549
1207
3122
9050
2108
6923
9427
1374
6963
7219
4056
4159
1515
1093
3946
9904
1038
1026
8941
2256
173
9660
357
784
2084
2338
9557
3695
2591
8601
2675
4244
2151
9672
9400
1382
5301
7408
2883
4827
3319
5270
7101
5467
5968
9295
2887
4289
7561
9543
4271
5998
3653
8413
7330
9961
9827
9583
6379
6807
476
1261
7594
3939
9821
3244
8095
8026
8398
5930
8022
4101
3904
8361
3261
7780
966
2651
8991
6868
2746
9384
2373
3949
4289
1806
6195
602
1464
4965
7022
7861
8589
2093
8749
446
1227
4391
6925
6984
6029
6574
222
2897
7251
5600
2907
5740
4866
3068
7703
9565
2038
9098
9266
1696
9955
785
5068
5798
6633
9977
4880
5405
1798
3534
8817
6474
6357
509
9059
1878
7700
7534
8528
6274
1187
350
9579
8761
2968
1464
8049
6497
8656
1344
4651
5068
8464
8268
704
9921
8905
7967
5576
7059
2442
6723
1627
4155
8959
3121
1287
1078
7816
4480
4321
9949
9140
4329
4051
1197
9164
3619
3507
8435
6044
703
7380
4038
5116
962
517
9936
4813
954
9768
5114
4542
751
6862
6387
3086
8872
9293
7309
2700
7047
1315
4293
4763
642
276
3229
5457
4559
6127
8311
3151
1355
1664
2592
8298
4983
606
5718
5063
4415
2164
5256
5030
1224
9885
1897
805
7526
4024
9664
9158
8279
5068
5679
4123
4896
2228
7533
4957
8705
8331
402
2603
7271
8803
1935
4704
4639
8543
8760
7629
1858
689
3183
8422
4673
1902
3118
8185
814
9645
2433
40
3556
8398
1581
9864
7941
2487
4897
8146
5710
9594
3256
86
9704
1538
6007
6112
542
5004
5417
5731
4918
1843
4485
273
4174
515
1448
3389
7477
687
8245
4183
9763
1727
7494
6454
341
1713
9277
8981
2185
5519
5483
5668
706
273
8444
9695
1705
4745
7597
7691
8528
7853
2284
8540
9748
1698
8971
5877
6319
915
8016
3223
6646
5681
2187
7530
3894
4468
1668
2505
9126
3568
7873
791
297
8275
6450
7872
5202
8058
5289
2507
7012
1220
25
3851
85
5806
1066
2997
1935
8557
4133
8316
9363
1450
322
7847
6746
5927
5436
4052
7801
3872
3902
6405
7904
8749
3405
8985
9823
7235
5585
9302
2677
5387
2032
9442
6359
4874
1977
6865
5626
9727
3418
1033
4973
6924
3279
6513
4629
4924
3032
7256
8758
6706
8453
4866
3803
8178
2032
9404
1747
681
839
8721
7096
7398
9205
9061
7229
3148
5852
2286
6275
4448
5890
3091
1064
1533
2869
3885
5693
8711
8763
10
2002
2348
7514
4864
4832
3302
3473
926
690
8382
8737
7262
7585
7627
6956
3719
8763
1591
1432
1311
1951
34
4256
3214
2920
1456
8680
2446
8740
1485
1194
2878
4751
2177
5266
8245
4561
9903
8802
9731
3488
3271
4323
3683
835
9595
2057
877
965
8335
8817
1545
8642
6137
6506
5406
7281
4344
9245
3240
478
2722
4170
6391
5907
5685
8496
788
5170
6974
9289
8607
850
8408
7456
6451
1059
4301
6192
3419
159
2296
9754
142
4304
810
8274
7062
1944
7259
7783
3455
7120
105
5837
7978
8097
7916
3001
8529
8249
9066
6136
1813
1546
9237
1420
8675
565
2610
180
6469
7038
5302
7
5332
2748
6457
9261
9564
6543
9516
698
1448
4990
630
2520
7900
8189
8218
7184
753
9048
9541
36
2266
3422
4371
8716
7862
1196
1345
2331
3183
1508
6573
7133
9855
7435
5737
5775
7634
3644
6863
9963
214
8188
6174
5183
5630
9035
371
6825
8519
7907
2819
2097
4066
1025
8612
7059
5728
4685
6619
7335
140
1319
304
3855
161
5104
1135
2732
4828
6546
695
4477
61
6205
7237
2630
9847
4271
6731
5289
3511
4319
8489
4323
49
4391
5581
2693
133
1979
2503
3885
9825
9370
69
5217
2944
2832
5422
3672
5216
6453
7658
8965
3377
1302
3038
6225
8858
7998
7398
6531
2421
9792
2634
7134
9274
9172
7043
1079
4490
2428
3415
6482
130
9393
5375
8376
9311
5999
4714
3879
6464
9066
7803
3734
8599
8539
1550
2419
5450
8331
6104
9212
5302
9834
7259
6438
9539
7916
6296
2189
7282
2754
9135
5016
2706
5600
1523
7240
3586
4144
5257
4093
1954
5123
6910
9141
8162
4751
9528
3970
4204
9481
2069
8887
8509
9328
4352
7615
1582
8916
2994
5881
9185
1425
724
3140
8215
5420
7027
9747
8686
3144
1036
285
2408
9429
3719
6453
6471
2759
3425
4496
8500
2430
4929
5080
7966
8663
9804
4588
4800
2686
2835
4721
5707
1054
1882
3466
2435
663
2452
3519
9894
5403
1354
2957
1142
3829
1194
3418
904
8294
2060
6195
9989
8462
1040
900
9854
7971
6435
9459
3580
2368
4097
9449
6485
9709
2980
7902
91
4487
3290
6976
2510
2589
7460
8847
6130
2310
1067
5289
4859
3921
4766
9133
1540
8587
2038
2942
1488
2119
4298
2630
1624
4461
7278
7428
5634
258
9590
8468
7651
6911
1417
1529
8715
2865
7393
7705
7438
4652
4990
9605
5459
4732
7642
9107
7110
554
5591
9403
7864
6392
7253
794
7830
3481
1584
8342
519
5104
165
2431
2206
1411
6133
1950
8304
1483
1635
2413
1487
9371
6263
9266
9653
1163
4341
5322
3196
3376
6647
926
2986
6697
6823
3652
2747
6953
5465
36
3462
6124
3621
6853
3665
5607
5538
1460
7825
7761
3326
7696
1625
744
1946
181
6051
1569
498
5684
6413
6736
875
8027
6731
2224
1509
4710
9419
7967
7519
7137
4453
3641
2297
2040
9504
4912
4789
4990
8050
4469
3895
8534
7408
4181
6236
4498
5971
2995
9862
982
6284
5342
357
311
6622
3566
9602
3653
9385
8081
7925
7938
567
6140
486
1838
127
7440
9280
817
792
9963
1345
5523
7239
6632
2591
3948
4681
7108
3253
3155
8620
9790
7018
7669
551
2362
3938
2789
2954
481
5646
6890
3681
8889
5503
809
8546
2829
8232
6719
405
3673
6801
1579
3619
740
4296
4999
2919
681
1922
7729
8722
4260
2767
5162
6171
9094
2859
7770
6515
789
5232
5229
3829
9780
681
6494
7020
5018
2386
4511
3696
4321
1819
3826
1624
4973
1067
5063
4851
3942
7265
7763
3394
6260
2902
7049
8653
8887
3918
8743
5061
8128
2206
9104
4633
5840
6439
449
5315
827
5744
9091
986
4215
2066
7772
9050
7511
8684
641
5472
1711
599
1020
2655
9427
8004
1926
6753
752
7586
5778
3527
7479
7932
422
4369
9665
2206
2470
6857
7908
9544
8575
8169
1681
3787
4781
1677
6918
2784
41
6211
7815
2808
9474
8511
3908
5438
3238
6427
9542
5449
5662
2380
412
2253
2372
5327
5709
5729
8193
5570
1193
4860
4487
5456
9681
1913
4664
2900
9535
265
738
7279
2290
2167
5799
8948
3450
4870
5485
8288
1229
167
2030
2151
9940
1959
2253
841
6
2165
4342
3316
9662
145
1136
5347
2459
8256
1443
6724
6100
3916
5904
104
7398
8521
321
5219
4539
1522
3101
5187
9129
1825
3224
3053
1860
4189
7221
3170
1649
558
185
9889
7960
7404
6814
2583
7556
533
3408
4049
8875
2894
167
850
1701
9281
4002
7184
8715
6132
8684
7288
749
9674
2654
3522
2911
3091
865
3647
8641
223
2046
4446
9274
5184
1604
8975
7600
8636
9060
9743
3527
7233
9948
625
2276
1652
127
4638
1404
1842
9294
5635
1806
8391
6773
1145
8265
4125
9172
8274
1723
5340
5784
5023
3880
1024
7830
1855
1123
3624
6403
9361
2204
8347
3843
298
3910
3157
4732
7522
291
9551
1158
1193
1119
668
6497
8872
6646
4191
8147
6401
3
1210
8813
8536
1782
3426
3464
7531
6800
3966
7297
4765
4334
9774
3247
4704
2784
153
9373
3184
8437
5598
6232
6029
9717
2556
9062
7249
9370
4125
1761
384
4556
2493
895
2524
3720
4344
9119
1064
6716
2609
1394
3973
7537
3104
1956
6056
1862
9235
1702
3340
3285
8053
7033
3748
1764
2315
3208
1945
7834
1483
3442
7377
8171
4872
2723
2785
3442
136
7999
4569
6699
8598
1610
8973
858
499
2359
6741
635
5688
3914
794
3127
8838
7916
5584
7119
6607
5739
4595
5992
5693
4123
9418
9668
3167
7741
4633
9417
7621
2139
8450
144
2353
8237
9659
940
7805
5323
1322
3748
3883
6175
5853
4863
1767
7333
3047
4651
2073
8707
3397
5754
1735
3007
3742
2474
6647
8226
56
1328
3186
5255
3608
2688
4421
9999
6529
4859
9792
68
2398
581
3905
6152
6282
2993
7355
8425
3516
1772
495
7971
8913
8179
653
8547
4226
4946
7956
20
2020
7898
8773
6471
7646
4830
1670
6579
5060
9675
5858
3399
9426
9937
8237
3528
2229
9778
7190
5052
7796
261
4869
2385
5980
5015
9539
7546
1176
8720
7481
8695
9375
7613
5489
4177
2056
815
7769
4319
4248
3232
5286
3383
3180
4749
5620
6980
5634
3924
6844
2512
6162
891
7294
6111
826
506
5646
7177
8598
5975
3099
8145
7855
9005
8570
9942
2458
999
2049
4453
465
2494
128
4153
335
1069
378
9777
3797
5981
8336
7484
826
7170
4015
9811
7935
4481
5376
1602
5343
1212
4541
6949
1797
6540
7396
9868
2521
6826
6307
7099
5491
1242
5891
4336
2048
7892
9858
6897
8241
2128
328
4273
6896
8829
5099
6847
6590
1118
5646
1388
4552
867
308
5287
72
5135
9427
454
4584
1995
5395
6019
2561
3670
7957
2960
6193
7751
992
9961
9627
3857
5031
421
2585
4305
1271
6344
7292
9943
2828
8456
5220
4863
3795
6922
9083
6747
2842
2841
4907
2591
8580
1026
2128
9112
6745
750
9000
2601
4970
2605
6071
6052
7441
1324
4135
9442
2550
5986
9613
9791
4879
5725
7463
4117
6559
1732
4561
5459
4175
8872
2918
4345
7275
1036
100
7939
5091
5246
7768
9536
6433
4737
4809
2717
1290
2312
6481
6003
4173
7073
1685
3114
3065
396
8149
2680
5260
599
3151
5595
8981
6343
8606
5214
11
293
8496
5195
1415
6034
1094
7325
795
8057
7268
8401
22
6239
9432
9241
9728
4729
6663
1500
8511
3691
227
2318
6685
1800
1017
9271
7632
8091
9446
7794
137
5249
7770
9876
9816
3552
7349
6439
6204
5048
6669
8211
2729
5685
5138
9736
4274
2254
7177
7882
7526
9901
8644
6056
102
5979
8466
3323
500
4600
67
696
8872
8259
7892
8163
1372
6364
8089
7056
8903
1940
7960
8934
5927
2557
2834
6995
7383
8740
4861
9958
4448
2567
9276
7133
1340
2740
3488
4731
1782
5040
4967
709
2028
1809
979
4314
2358
7417
2422
6093
1489
4191
2169
3344
5828
4075
7564
4751
5348
9070
4359
2070
3283
4572
671
3135
5955
3127
5077
3660
4728
9257
3160
269
7627
4270
3755
927
26
6891
2529
2226
1037
8783
4980
7365
6452
4388
6325
3295
8717
834
525
1116
7793
6433
2450
5539
1422
2648
9814
6753
1743
8871
7626
3828
7047
7949
6015
3077
5308
503
5805
8034
1760
8902
540
5015
5404
1628
1695
809
7109
9842
8194
7278
7552
9193
6520
925
6657
7611
6471
1694
6831
397
2223
7773
8964
6788
6229
2896
4016
7920
734
274
365
969
3142
2571
1966
6949
9249
2798
5840
4580
6233
1360
9874
1992
5894
5568
3265
1060
5755
7559
5612
5599
9645
3836
3175
4581
4895
7092
6730
6763
6680
7141
5945
412
2374
6854
2863
901
7980
5813
1587
74
1335
708
4877
595
9966
3729
7634
4726
4439
5360
8634
3858
6951
519
3555
3797
6930
6661
9071
3883
9296
960
2568
723
5200
6379
1155
5296
3574
3856
2562
2457
5135
9999
5476
7885
9158
131
2183
6935
5440
2749
2254
9
4849
8000
8205
3032
2753
6840
5121
4932
4313
695
9101
194
4215
2990
3742
1592
3746
20
8672
2133
1207
9526
5226
3435
9665
5195
165
3817
7815
1491
2810
4073
3616
6603
1432
8706
8274
3840
9477
4987
7895
9758
7148
7597
9185
947
1189
8436
9252
9877
3490
338
8897
2940
6389
2336
4868
7293
431
7425
9075
980
3779
1173
5463
6862
3865
7287
5463
9936
9743
4627
9967
8232
5402
952
7584
7310
8730
6517
8608
7382
4315
7012
4338
2628
5832
2288
5089
8572
7642
5268
3751
5478
4462
9569
5434
9483
6164
8923
9125
9934
2115
721
7620
6746
5755
3223
5592
5315
8786
8129
3195
8891
8640
8415
6542
2533
5878
8880
9294
5102
3385
7684
5222
4556
7997
6178
5101
6102
9100
7138
1552
574
8358
2664
4330
7591
2050
9597
8095
8103
9250
5804
2424
2394
3300
646
2425
2368
1925
2899
9855
4228
9905
9350
3685
90
5381
6683
9253
3461
2646
6287
9595
242
4106
6972
8309
9124
8019
8736
8311
2733
9500
7529
5516
6741
9900
9263
7862
9290
5944
301
1958
853
7573
510
6679
7284
9883
1120
8213
2954
8725
9544
3403
1759
3028
1922
3018
7541
5027
6546
7254
4552
4086
6460
3465
4209
4812
7500
9435
7192
403
2451
5017
1731
9434
4096
98
2367
3681
5126
2209
5497
269
1119
3925
7354
9609
7709
1404
1933
7238
7704
109
3614
2370
3562
6677
9409
983
4243
7738
1804
2666
777
5323
2338
1380
1631
4584
3245
6797
2065
430
7992
2996
8074
187
1990
1435
1250
5823
3889
239
7687
9747
2387
1254
9334
9140
4362
4193
598
6791
4252
6977
5346
2337
4600
8453
6913
9710
6964
6353
2580
2127
8872
7131
827
8993
7127
7407
5684
6408
5093
5203
3617
9851
7401
1972
2932
8264
3440
3007
1626
1368
8523
3404
690
813
5287
8548
8473
9768
6471
6371
7859
5240
6080
920
9735
8989
4721
4506
7095
7690
7452
2037
2795
2472
3013
9154
505
5863
7
4932
7747
4063
1165
9775
3534
5749
2452
9651
7930
6650
410
6134
4786
5997
1410
5967
2130
785
712
478
7824
5561
5947
1594
7337
5215
6396
3955
4441
2900
7394
1813
5637
8530
3015
446
1545
2093
4546
9766
1721
5031
1537
8013
1158
2515
8227
9764
1776
5922
7808
7793
4290
8841
3878
5237
2031
4596
8289
8506
9126
1731
757
9542
7988
3266
3147
1965
1287
7399
5686
4163
4251
1125
737
3998
5619
3021
3671
3705
8789
7428
1406
9045
466
4831
5424
2395
1824
923
4984
6205
3158
2249
7734
1594
3700
5222
8511
7200
8013
8313
3476
7051
8754
3734
8716
8972
1180
4303
3409
9237
3861
3674
8452
9040
3155
8526
2494
5471
7122
2055
2421
7087
7933
2681
8215
534
2345
433
7541
1771
1950
3638
399
2356
659
5231
8968
7978
1701
6798
8054
5706
1059
5722
392
85
8329
3114
7812
3814
2359
5037
2460
9859
9166
9703
2924
9565
3655
3398
5939
3666
4671
2051
476
9042
6898
4835
5448
2254
5603
5181
4953
8364
7637
8902
7165
4087
4809
2376
4309
6676
6037
257
9378
4431
5613
6984
5579
8660
8449
6330
4540
8681
2771
9234
1247
9992
2051
5336
704
7355
1593
3840
6111
5248
1597
7763
2583
7740
7110
9643
6038
8060
5790
4423
7721
5814
2607
6558
6678
1422
7421
9841
2053
6340
7166
1545
2907
7211
570
6016
3316
869
7979
4331
5132
9609
8033
9844
6299
9095
8341
1623
3627
5970
6808
3234
4855
156
5495
6879
2641
2064
413
2558
3536
1640
3349
2491
885
1646
426
6064
248
592
4942
5699
8532
1357
8627
9295
6075
5467
5097
416
5031
4491
1637
2056
2159
4037
6954
4639
6578
8653
4502
4071
2931
9975
9836
7757
5568
150
9
7835
4049
3920
2277
3259
5130
1213
2760
1894
7725
8142
1463
5931
575
2971
4154
6283
1861
7781
9739
8544
8987
5402
7036
5854
3904
726
6885
3042
1954
7878
7386
5319
3073
3240
7141
2951
5219
3887
4485
8158
2516
2867
2178
139
711
5333
5051
8768
1581
1904
6830
6184
8208
1354
4771
3640
285
249
8694
6670
6317
6195
1056
1382
6558
4430
4817
5100
6050
9495
7324
8795
9540
4574
1390
3492
2658
5549
9596
9642
859
5817
3496
7306
5399
7170
4447
601
6701
4469
1395
2437
101
9536
240
3869
3659
4869
9357
2797
3452
9400
4258
9057
7441
2355
6928
5066
581
537
7856
8735
9988
5206
2156
4651
2898
7365
4740
9268
7732
6412
7231
8044
2719
4130
4895
9664
9228
1857
7118
7806
9765
3015
1754
8275
7327
8662
4619
2978
4643
9210
6253
4849
3531
1531
7279
6734
8885
7944
2486
2254
103
5108
4542
1062
6031
4861
3503
9363
8837
6086
4072
4867
7905
9015
8042
7350
2466
1467
4611
3119
7250
5319
630
1285
7907
7498
6852
5479
21
4079
6633
1020
680
2127
4869
5079
2329
8452
7765
8969
9723
2680
8589
7985
803
3053
6501
478
9983
8886
5853
870
995
81
4430
1055
3794
3848
1999
6618
4022
8589
2816
8847
8333
7731
327
547
9408
8443
8709
4087
6512
1884
9763
6059
2511
700
2222
1183
2041
4059
5277
3017
9085
8607
8267
7266
3404
9273
3989
7771
5628
2230
4721
4446
7129
1826
4585
4991
8329
3783
2531
3841
2746
1908
382
2261
8203
6889
9227
9069
9156
5070
7029
2526
290
2466
8239
5092
1635
9889
457
7407
7098
7615
5246
4475
7040
5602
3037
4270
9079
1916
7730
9051
8124
8597
9089
2755
5017
9767
3550
3451
9220
3491
7227
5400
6375
2401
239
4439
5884
900
3488
5129
7509
1292
5277
5756
8566
7845
8602
2261
2576
77
7512
2968
6138
6435
6256
234
9101
1867
4284
4190
4189
5134
2531
4988
6768
6366
6655
7728
2300
8758
6909
142
225
7568
9552
7219
3231
1937
6578
5238
5157
6495
2536
8030
2840
5426
8096
3837
3373
7576
6842
7514
7891
8483
7760
9196
2048
6637
6227
6610
2582
1868
9092
9152
8353
1440
1084
7076
9760
1304
5129
8327
5773
2501
8933
4223
5995
9319
20
6720
4299
1443
2282
6339
2443
1814
6390
7983
8331
8739
6431
6499
9118
3544
7674
9877
6362
3263
5381
4325
7883
2592
5779
9355
4714
7380
8565
5360
3605
8756
5409
9192
2108
208
6289
9228
3079
699
4810
3622
8711
9427
1719
2741
9592
3647
3426
2913
5343
770
511
8040
2422
2956
9525
3015
8689
351
2522
8724
3644
4014
106
1128
19
7426
435
2906
2413
3126
9327
438
5462
4610
511
3789
7352
5990
1585
4742
1605
7292
6846
3842
4052
3183
3907
6893
2037
4475
8073
865
7747
6314
435
3732
3253
2637
4980
2593
8640
668
5994
964
8493
5508
7355
4127
4770
5359
1258
1818
3376
6386
5606
39
6825
7647
1919
2403
2395
8635
3190
2169
4350
9530
3297
2337
709
6902
311
4821
9524
9023
1422
2371
1855
9212
5470
3247
1547
7615
8769
9424
7444
2791
6010
8923
1305
6431
3904
4877
9799
4020
7221
1233
3905
9667
8023
5841
9129
993
5330
8202
3038
5428
5599
8520
961
3839
9998
9920
2357
8459
6379
1613
7300
2496
1232
5169
6344
7939
3847
3021
8477
9753
7514
1661
1648
3786
2073
4490
867
7249
7303
323
3776
975
978
8630
2455
1856
6221
7927
6614
2565
7516
2275
404
1712
3899
5743
4715
6511
9610
6729
192
1135
2057
5008
815
5745
3084
4160
503
9498
9484
3413
4272
7093
5450
2385
4789
6931
2016
728
7697
8691
3046
5528
7898
6028
7694
1367
1845
5799
3101
3300
9332
2441
774
3455
3283
590
6516
3701
7771
7586
195
724
1952
7752
780
845
510
3549
4460
3943
3355
3255
2991
3455
5192
1176
8510
9629
5705
6334
595
131
623
7868
4724
9439
3359
9267
2484
559
7553
4554
4273
8980
4774
8670
2907
4734
1142
2034
2419
4071
4630
839
2923
6941
9603
4790
3455
5879
3453
7098
3136
5944
211
8796
313
9729
5479
1174
768
9313
9725
5609
571
600
1557
7641
3371
8409
8243
8101
7898
7726
5959
8693
5933
6565
7918
6269
6710
343
9221
3854
5192
249
1268
8380
9511
5404
2223
6090
5132
7808
3492
5264
8035
4693
4514
6335
6129
4033
8935
523
6069
3454
8387
9799
2809
7403
1006
5727
7829
5874
7715
4318
3392
9450
9448
2336
8868
4499
827
9346
4877
7838
2378
2630
2446
7951
8495
4290
5488
9547
6678
1560
7703
3260
9357
8304
7780
6723
2007
1057
2304
4492
4508
1038
4460
4013
6241
4349
754
2441
9071
6516
4759
5313
67
7580
9152
3242
4065
8840
6733
5082
5574
7262
6646
9291
6569
7971
705
5586
7100
7734
925
89
6597
4626
9583
7704
4212
4151
5286
4099
1552
7555
6733
1453
6082
1417
7148
6346
7421
1699
7867
3169
5433
2436
9685
9409
2059
2070
7540
3211
4194
370
575
8989
6001
239
3389
1518
6484
1041
7188
1029
7088
8706
5475
2260
1244
9359
1992
8626
5894
7961
2287
5511
5795
7228
6871
5216
4807
9100
6306
5378
8909
1610
9114
1259
116
3463
8539
2388
1622
5488
9680
5746
2869
4807
318
2940
1332
1170
8295
5959
6656
9053
5148
8125
9770
8378
1666
4381
5458
6185
9567
6539
9424
8994
65
6232
8626
4047
2092
7532
8301
2647
6142
7552
7970
3813
3665
3288
7696
5383
7276
4541
9247
674
7142
1305
9648
3987
456
1771
3214
4784
2414
7595
7552
9293
5850
9592
815
8091
324
8988
9023
5723
434
785
9019
912
8528
2365
6065
9890
1325
9304
6711
8478
6561
1470
5865
6459
9198
8528
257
6775
7779
4805
4209
3520
1639
8446
8623
3487
9784
5671
5374
3007
6064
1114
1589
5676
784
3453
6910
1542
6188
8267
4205
6836
7699
2417
8683
8149
3209
4542
5630
5553
82
717
4758
7518
4365
9728
919
304
3147
3730
6926
2184
2123
5070
2914
4332
2308
7358
4809
9415
3006
8684
7972
6295
7661
7652
8743
2485
5707
634
3001
2914
1616
1640
2404
2412
8449
1984
9866
4288
4146
8080
2629
7241
8073
1267
216
5078
3425
4915
6791
4378
5271
3581
9215
477
9525
7405
7524
4016
9641
5080
5190
6494
4561
8073
1455
8750
9509
2387
1339
4500
1760
4117
2052
1831
1644
3099
8586
7437
5290
7153
5915
7731
1851
99
5508
7065
1070
6847
3956
4058
2727
1596
8921
3929
7495
7092
9450
2390
8574
2541
8256
416
9834
7781
2914
7941
3834
299
12
4917
5235
891
2058
3445
8718
2817
8854
4719
6333
8047
1884
5270
1304
857
9047
2855
6729
8638
8346
1259
7663
4097
1597
4921
547
1333
3857
4664
9717
4807
3602
642
9345
8341
5240
6773
8500
1581
6826
3955
4501
432
6400
2649
1874
6181
291
9644
3880
8345
1859
3967
2350
4932
8932
1361
6959
6536
7158
8628
7170
899
8016
9928
6104
6867
7913
918
6033
1609
5890
9481
7979
4038
8307
5334
9688
8962
8464
3852
42
4155
9032
9174
1230
6074
6058
6494
2931
6258
9397
7228
2485
9634
506
3131
6458
6138
736
2909
9848
2570
5796
8261
6034
3029
6522
3890
8669
1236
148
2347
7267
536
6798
6005
5891
2839
7076
194
6834
9015
3809
8116
7410
7561
4517
2736
365
5565
7313
6589
5199
2771
2626
923
318
9426
1304
6640
5559
577
1714
3741
5557
9058
6873
2496
496
5775
2981
2003
6160
9100
8975
4193
9437
9740
9300
9769
8805
7376
9714
9275
3016
1370
8450
4303
3140
5216
8259
533
1864
1163
1535
9670
2727
4831
2588
378
1995
4053
3297
7139
9570
8836
818
2151
3642
7023
922
8107
1461
8088
7413
9306
2169
3809
7623
37
5975
5491
7628
2820
2741
1911
8701
155
9754
8466
9116
3559
8054
8543
2572
9352
780
884
5535
4633
7644
4949
7054
1754
3393
2775
8911
1727
8596
4461
6166
3473
1547
6447
3418
2802
1794
8761
4930
2030
8068
9184
5516
3757
1030
8398
8970
5940
8944
910
1370
540
5417
5956
2193
5418
6558
3411
6771
2973
9502
6146
2385
4855
9669
8057
639
7090
4691
1445
273
6996
9625
3579
4641
5229
1551
9097
9616
557
4533
1256
5783
7187
6100
494
4920
9952
3023
7168
5334
2057
5499
372
7741
4603
553
5124
7792
8585
2348
2527
8366
3681
8908
8233
2159
6797
1781
1155
9792
6422
2636
3893
4169
8722
5184
7816
8296
6494
2089
9600
3612
6983
3087
7286
7199
2625
2569
5844
1936
8027
4689
2682
77
5546
7729
6093
1674
1889
5468
8655
1600
9890
4475
9098
6805
1807
4482
2021
9571
9129
47
4409
9096
362
6030
814
9818
7134
7484
7806
68
5611
3974
6619
8450
6577
1948
3180
725
9644
4152
98
2947
9975
4453
2473
5454
4027
5278
2363
2111
9894
2901
526
6751
4038
9900
3630
7890
5732
2147
4197
9312
717
6943
9574
5697
939
51
6233
9237
9459
2861
2832
5869
1048
4591
4856
7257
7693
2969
6924
9327
4999
4560
3204
677
2784
797
4490
9963
6008
5652
8397
4360
3462
9231
7278
7839
7709
8231
2568
8845
8346
2783
2509
6130
8537
8156
4347
3818
6358
421
9741
2711
2465
9619
7966
141
652
9253
4456
4297
7454
3891
2426
5615
714
1308
6505
9630
505
4638
6285
8450
4563
3553
5996
1335
7117
8785
2036
6628
1325
9175
4818
9179
8393
3634
5600
6396
173
1831
4650
9729
4779
6050
5537
9049
7580
328
2729
2548
5733
939
3981
4040
1237
6985
1330
9246
9066
5153
3513
1340
5332
178
2766
1440
2625
562
4734
6565
8552
9673
213
6149
6065
4744
3957
4060
657
9864
131
6708
2195
4931
4107
9459
2722
7705
7347
2045
515
6672
2301
134
4463
8844
3399
2392
479
2279
5452
7502
480
2157
2013
7803
7861
9958
2666
5738
9452
7441
2362
2195
7433
6825
3947
7798
4478
2534
7651
5255
8940
7443
7189
7526
1843
5048
8239
7017
1029
1748
4959
9417
649
1976
3734
1606
6060
2994
9141
7032
514
3461
3892
9731
8265
3873
8482
1845
6638
8533
6150
1664
3833
5694
5139
2511
3060
2857
4395
1942
7001
6253
1579
9354
4649
734
1315
3002
4520
4224
5481
5321
1494
7129
1171
5481
633
6784
6866
6102
262
4376
1391
3692
6846
7955
6333
1317
1621
4389
8350
6147
6622
9814
8098
5510
3329
2435
4938
8475
4079
7187
6282
4162
1565
2817
4380
3178
5531
1770
7154
1499
6217
7700
8819
9679
7007
4136
199
142
730
4206
7598
8404
7079
4852
746
449
9896
8315
5245
3838
5651
7455
172
8759
7306
9776
755
8617
3429
865
387
8041
6875
6589
4662
8750
7168
1793
2627
2268
8616
681
7469
7742
890
2907
8326
5983
5184
9562
6576
6469
1962
6888
6276
2011
4818
6892
4972
7018
6410
9516
3066
3795
6785
6214
3148
1355
4581
8721
3367
8563
1251
7771
2288
7811
9274
5550
7114
9779
4717
7860
4569
6982
534
5363
9877
6867
136
8888
9226
2625
6222
1612
6156
4510
9679
2325
2520
6508
7298
1916
8118
2617
4846
6582
779
761
6682
6241
3082
9042
8420
9101
6170
6596
3549
724
2755
323
1281
9463
6722
5890
1812
6391
6109
2286
9176
1645
8160
3060
8347
9446
7285
4528
9390
2767
2145
3123
9504
5897
9883
5920
344
4104
7545
2179
9906
2430
3923
2782
4960
3999
2152
9938
5474
896
9727
4998
4753
9249
7206
6599
1141
4101
4838
6636
7494
3706
5592
1205
3343
4937
640
3632
2942
747
4520
6999
3208
2613
3960
8121
6794
4722
176
5683
363
652
9288
59
5181
4487
7455
7689
898
6298
8303
1683
3339
9754
2146
5795
4347
5397
5374
679
7578
6616
1867
6308
69
830
6102
1816
6067
7205
766
3531
5683
6846
4075
5409
1697
4945
5182
7615
2711
9851
6275
3591
3280
7861
52
1777
7352
5874
472
6712
1471
8613
408
2415
812
684
7409
6254
4126
2973
5381
3597
1358
3611
2300
2955
400
8965
1705
7227
8328
7675
5175
5404
7370
8558
1650
3540
4425
9235
145
4600
5473
4836
4017
7290
9553
275
206
3040
15
3436
7306
4397
495
742
9440
5726
6399
7829
6978
4243
2410
5887
4350
5255
2796
9656
6271
5166
6580
8701
6288
8747
2741
1658
811
8187
5735
4392
1840
9905
3276
2647
929
4655
2156
5699
4122
6398
4225
5814
9358
2698
8319
7978
5132
3948
683
3449
5824
1013
3180
6563
5846
7844
5535
1195
3162
3621
5044
9711
1067
9079
1398
6913
4238
4391
5560
231
3262
2366
4715
6140
3216
4500
9740
8064
8117
7999
1290
611
1673
1068
4517
4105
8233
105
210
3147
258
9660
6363
3498
6403
9316
3507
7696
3092
6426
3783
613
6512
3139
9920
7611
14
437
7366
694
8046
6867
1758
3835
8798
3991
1139
516
5916
8459
6691
5150
8550
1044
816
5327
6509
6812
2215
8663
7768
2699
4173
9938
4549
3200
1653
678
6282
2337
6815
5264
7034
8477
1179
182
2195
3994
7290
8408
3155
6481
9781
3847
5563
6258
5911
8770
3484
4116
2773
9674
3038
1821
9326
369
2080
9211
7374
6083
3305
1981
7980
9568
6093
7985
6451
9382
1371
9050
3806
5623
4147
1437
7661
12
9829
5672
7300
438
85
2640
1218
7628
9706
8742
9247
9206
8341
5254
8638
6565
9119
4811
2898
1613
667
242
3709
2752
8155
233
6067
3655
8623
5364
4926
4256
8776
9052
6459
3727
9722
7636
6161
5186
4144
9289
4066
9510
3257
2549
2297
207
6800
5809
4099
1624
681
5637
8635
3463
6935
7805
462
3292
6731
4217
8349
7862
7207
9777
7872
8018
7681
7715
1463
8113
2931
475
6188
9940
143
9789
3572
4151
4127
7458
3381
7607
2842
8557
3298
129
2931
9369
2257
4985
2316
8689
2589
436
4680
8427
7543
9874
4301
4946
7959
9675
1032
4734
7457
1045
9483
770
6211
8047
7649
1762
2811
5693
9347
2063
8229
9169
3715
1121
6577
7394
885
8512
4035
7260
4413
3086
8308
8756
7491
1380
2422
5429
2243
872
3989
3468
9377
888
2761
8012
7434
582
5208
5919
3174
7887
1016
9418
3354
2121
4434
7948
4218
4777
9186
9011
9211
9007
7419
9323
4501
750
6520
5875
1416
5292
2380
9773
5174
2562
6523
8434
8670
9200
642
9968
5449
6289
145
9170
2509
2470
5385
7930
9663
337
9407
9165
2565
4048
1744
11
4794
1876
5712
5161
5306
6286
9931
6557
3885
3301
9964
3334
5969
1862
8619
9877
4799
1240
8049
7339
6560
3690
5368
4993
7833
9164
8334
9422
3249
9959
7128
89
3107
5610
8146
1179
7902
1314
6244
6399
618
9044
6577
6521
3574
2298
2649
4113
3245
3577
4958
5307
758
9371
1172
1140
3226
957
114
3642
4017
2007
6309
1096
3749
659
787
8877
2616
2876
8844
7400
5202
5556
141
1314
8146
7170
2511
9208
8677
5015
2764
868
6805
9771
2657
6375
9609
8361
5023
5205
2042
2692
7228
8652
8485
3892
5543
626
7068
6432
7464
4443
5416
3337
2965
9988
5817
1793
5937
6879
2109
135
6974
2987
8463
4928
6324
8639
3719
6852
1322
307
4400
9346
4609
410
6710
2224
4385
6976
2974
7731
2346
8861
1232
1399
9516
8195
6287
3243
7186
1289
1385
989
3289
7844
1305
4430
7455
6703
2922
2513
3415
9015
8934
6629
5449
4374
2877
9932
9061
8922
6737
5959
2040
8064
6606
1041
1047
8178
2951
3989
2328
9099
9787
1564
7665
9075
7719
2039
5496
3004
1061
3429
2857
3335
8290
8321
1430
6195
6077
6604
7096
1635
7978
770
9924
6283
5111
6604
7369
3431
8310
8433
8710
7768
3817
9337
3705
1324
764
1584
5169
376
8380
9092
7301
2085
2966
4139
3485
1173
1594
1459
7790
4176
3229
2423
5508
6207
6638
8923
4087
5668
2704
4325
1952
5828
9382
5864
2725
7043
3166
9454
1776
7786
8708
5057
1470
4551
3079
2198
4099
1841
9896
7366
2746
7013
270
5802
7290
6210
4295
7651
6165
7839
7385
1796
778
4932
7287
1628
2906
4715
7039
2004
2359
9012
4224
1153
6072
6479
6312
9078
1882
5530
427
1225
3569
4583
465
256
3100
4952
614
5336
9654
4042
4565
6322
6792
5755
3486
9114
2875
2218
8756
7814
6332
4922
2212
6823
3209
2962
2815
255
3768
2116
2840
8639
9622
5784
2553
5195
4700
2372
4896
4013
2462
2650
8151
4723
2782
7566
3105
6486
7213
3362
7248
5672
2913
6000
6564
1785
8898
964
3582
2597
1359
6340
8434
1309
3902
6684
5387
5041
4464
1722
7032
1671
4226
1875
4164
3323
3392
576
4756
3012
1796
1465
9209
2942
860
220
9509
8280
3866
617
250
9932
8549
9357
9982
9527
9788
7513
9419
6405
779
6223
4355
1354
4278
2185
80
911
3378
4789
8617
7111
1059
8801
4209
6012
9472
8463
5258
2427
6979
8741
263
9865
1404
6628
815
224
6853
1986
8892
9083
5648
1222
7667
954
8717
8336
207
4801
7288
8930
1990
5075
5103
255
9421
1943
944
5295
4007
7972
3169
7612
9800
831
1210
7868
3241
1069
4844
5259
3732
7527
9957
164
1246
9290
171
4731
2692
1703
4966
331
1438
654
4123
8519
5073
2321
6834
7279
6913
88
489
3249
195
4993
5185
9689
3520
2690
6726
6231
3077
5181
8349
4172
1079
174
3014
6752
7973
1684
3888
2194
2406
8954
107
7821
1393
3728
3033
7588
8587
2523
4350
2474
3178
2325
4951
6528
6984
9778
5303
236
9332
2001
9883
8146
9779
9116
5727
5282
5332
9644
3674
3709
8128
267
7493
9333
3584
5815
745
9921
4345
5600
6309
1369
7602
5935
5375
6276
7958
3970
9842
9596
6693
7672
3717
9659
1621
1654
4269
4628
5365
7187
5672
9296
482
6454
2970
4163
3699
6938
2326
2362
383
5820
8274
3460
5119
3985
6572
426
1709
1014
9931
2940
4651
581
7038
9770
2369
7040
3521
2699
558
1998
3775
8814
3903
1711
737
4379
542
1998
1235
6900
8706
9954
1256
4701
36
6640
9124
7157
7426
2417
2039
3200
4220
1676
6138
8403
3819
9904
6914
5388
3649
7615
6657
683
9356
1434
1227
5264
1061
9589
4278
2658
5797
8039
363
7241
7190
417
9610
1642
5111
4216
3306
6125
4538
8673
5149
8123
3128
2792
8721
6985
6692
9772
5843
7724
428
874
5423
8312
4235
3125
6882
1833
3468
4383
7168
4589
5881
5671
3010
6588
1746
1039
8983
3012
3146
8664
6155
6934
5914
4812
1829
5623
6265
5016
6010
4964
5955
8244
3583
981
2933
9633
2555
3116
2507
6654
4667
3787
5345
6214
5551
9999
4886
937
5218
4908
9343
2021
2504
4886
7800
9265
880
1098
196
359
7592
1111
53
5852
3071
7069
5431
5101
9973
8768
5671
7575
7727
8872
2770
8290
3351
7640
1064
9163
3729
888
4863
6589
2424
8082
7011
9387
886
3254
6795
3453
9746
8346
9751
149
6148
5730
8549
2909
7764
6343
6307
8222
1665
5927
8255
3567
7037
7434
683
7304
8165
4284
1276
4930
431
7163
1777
2014
2172
863
1936
142
5613
9424
1788
8996
9553
9353
3283
821
7996
2312
4436
1225
1716
5902
2318
3250
4869
201
1363
5830
9668
2059
6475
8218
5521
631
1493
9357
8885
2008
6904
5247
2523
5806
8776
2300
411
4550
980
3641
6289
324
8588
5690
637
656
9392
8093
9139
8810
8724
6583
8578
235
4368
472
9730
1706
7267
2477
1142
1319
1383
5315
2626
4983
3711
7171
4870
109
2142
4430
8871
6786
6737
22
9903
5952
3068
4950
123
5424
2787
8687
867
2590
3518
3088
9014
3526
8000
1794
2627
5054
6129
6365
9396
8704
9254
8330
3061
1026
2114
9623
1795
6611
3111
3888
5519
8628
5429
5568
7905
4464
8291
4403
729
9882
891
8775
8145
7218
4078
8479
3583
6691
2809
8195
9159
3228
8064
6568
3964
6537
2935
7
6967
5341
7744
7133
4592
6110
2590
7455
809
8253
3336
7447
1419
5041
889
367
5095
7215
5668
5593
8319
1304
4340
5432
3901
7775
3442
7039
369
9765
9488
68
9528
9555
8146
5009
983
2819
956
5927
4407
8252
2758
2207
603
4424
2205
3518
509
6755
8611
3747
5398
4914
502
7985
7212
7582
4542
196
85
7852
9920
9538
2858
122
5712
2367
1975
2568
6707
7532
9967
9104
2658
6366
1133
451
5498
8039
6533
1570
4929
6515
7880
7222
8771
5408
2582
2572
8378
1626
6190
3440
3084
7091
1409
917
5886
396
3765
671
4247
3587
9702
4621
6015
7945
806
9350
2406
9341
8036
2799
1873
4826
4363
7542
6655
5259
7409
9694
857
7223
6480
9607
8472
9772
226
9561
6849
1372
4453
4637
9771
8734
9694
3752
1217
2227
8601
5829
9971
5831
7775
9054
8279
8543
8176
1303
6541
