470
9344
9479
4112
4755
8701
840
4158
6837
6523
4436
5301
2531
6167
5718
4452
8973
9245
3757
7828
5407
3907
5556
493
5942
8035
9248
6056
5357
3955
8946
8466
641
2834
300
9962
3235
3649
6416
4312
2699
4555
4948
3817
8362
5491
3730
123
7768
3257
6444
8433
6427
6328
3388
8627
4393
7327
5002
7942
9781
6697
6007
9331
5141
2876
3941
5831
7348
6795
8985
279
1716
6456
169
8013
859
1914
8048
8243
9486
262
5681
59
6907
6621
1640
2632
2208
7186
4267
3293
1737
8742
5951
1872
470
8466
8295
5067
9291
4944
7784
623
6674
2711
5928
1716
9531
5825
3108
4978
9619
26
7984
9589
2658
1031
6874
5681
62
6017
3864
4802
8878
2653
4767
6382
8409
3881
1189
7033
8796
7205
3310
6052
5738
7099
9891
2180
541
2876
6738
7978
315
7689
5742
9764
6341
3210
3894
3392
9977
4319
803
6776
3831
7585
7867
4015
6832
1988
5956
3030
634
3324
9426
1323
6752
2680
6240
7118
7414
9023
1997
7953
3355
8438
7086
4396
5799
155
6322
7723
1203
8785
6163
308
7176
7736
967
6216
3008
1336
3766
3750
2889
7210
9622
7318
4760
7763
6083
7049
6330
7902
9722
3226
6261
3221
1428
8177
1501
6940
9552
3700
6594
3898
7369
7354
1335
2276
8807
6286
8925
4120
2417
5756
6190
979
4016
795
1734
9343
2478
4871
5820
1421
9821
4650
1614
4618
7893
3462
1130
2769
3589
7569
6681
5310
2491
9326
1653
6714
6366
1268
8156
1576
1624
9629
1949
9466
642
8893
8575
177
3095
2381
9296
3759
5162
8099
1259
4442
6708
9760
5171
6768
21
1429
3164
6130
1996
819
9353
8446
8050
2334
5695
381
9616
5245
8857
6341
7344
5904
6613
3324
6529
3214
9275
3050
9621
27
1006
7033
3493
1138
5051
6972
6164
1045
7534
6873
3456
9742
725
8324
2885
7248
4748
8234
7867
5071
4614
1495
9856
4809
445
1140
3553
959
8897
9984
8721
2356
8476
8058
9212
9985
1463
8120
645
1219
7221
9144
76
1762
9133
6288
3227
510
3781
323
7135
8248
3337
2739
9524
8234
267
7278
5674
9924
6085
2471
4435
1380
2250
6049
7614
2337
2410
8058
6974
2324
3220
4866
1219
8196
1382
7734
4890
989
6880
3341
6352
6332
3606
7967
7234
6073
7428
1373
9440
256
6892
1681
7167
590
1450
3219
7390
4022
4137
228
2321
9933
1727
5595
7705
1176
6067
4762
7124
8991
2607
1196
6208
7118
9360
5133
4267
760
1242
6614
1831
2073
7705
4147
9
2918
4882
9011
7232
1203
152
3020
514
3841
5242
4680
5458
2129
8057
6272
6862
1898
632
979
5733
1891
748
3778
9366
29
8083
940
7619
1232
5825
5249
7477
6913
9653
1989
329
3500
4762
6020
9431
8308
1449
3964
4867
7540
4956
2251
5388
1809
4157
7110
1794
1694
8509
6002
2726
4619
4561
9363
1593
4940
3495
1455
8406
2321
7462
7166
2443
2455
2003
2305
8946
8042
5216
636
1199
5445
4287
3009
2098
8104
1060
1017
6060
677
8440
5458
4302
759
2858
6272
7212
1823
3824
2193
3201
556
6859
9906
8620
4326
8264
5751
8696
9991
9187
2395
8842
8951
7126
2724
2451
9443
7183
65
294
3865
1152
8500
9187
7603
6624
6022
8241
893
4751
9531
778
6325
8566
5267
9952
2830
2061
4378
7341
4528
5734
749
9433
5215
1638
4425
4901
7847
100
2834
8292
257
9210
9708
8105
5797
8089
8234
5178
6748
4905
3841
3508
8736
9485
1095
9657
9858
3861
606
8933
6903
8445
5463
9214
2385
7523
6324
3770
7622
566
3647
6154
9391
4153
3216
1331
6399
2903
3951
9949
2830
3041
8214
8213
3569
9763
6674
301
7895
6708
5654
2548
9986
2140
9836
7584
4576
4960
9705
3814
2854
7145
2636
12
3240
4418
8403
9623
3767
5504
1097
8222
2695
1948
7920
5967
6780
3132
535
8431
2305
7840
7208
9021
4564
7959
785
1216
7649
1762
9116
9919
5146
3936
1278
5871
1584
9625
456
1271
3264
1958
5389
1743
3933
5117
8609
5383
4709
9371
3834
1300
3427
2858
1351
4725
1745
6978
3401
196
9368
3132
8577
6583
4390
9713
6296
5830
3642
6577
9893
8872
6574
5343
9599
2902
4546
7881
7807
6465
8225
2742
5584
4655
434
904
9398
9488
7517
7954
8424
799
9416
6931
3740
2548
7214
9215
5390
9254
1307
7166
4236
2221
2790
6718
977
8358
234
1316
6908
5104
8979
4432
9804
9780
4050
8862
9130
2625
3997
3593
4323
2981
4742
9786
5601
7911
5622
5854
5797
1265
4166
1637
2179
4572
8858
6743
7033
3955
2378
8721
5517
6522
9599
9085
7363
2679
7382
1840
920
414
1891
1900
4862
9802
4758
3174
980
167
3315
8466
3856
3357
5184
5386
28
2311
7696
3965
2299
8834
3142
4052
9126
9217
5177
881
3256
8733
1971
9168
1778
4249
1413
2399
4107
8979
3627
2234
7256
1655
439
2047
4708
5918
2637
1376
8748
3411
7418
9030
8730
694
9522
1987
4539
570
6805
9920
5871
4089
6541
9381
9021
3079
2646
2839
5984
963
4298
5371
7650
522
7784
7257
5572
2870
1072
2315
4231
3892
9182
2037
7226
8499
7345
8991
400
376
5463
8286
3581
8063
8263
3409
4429
1116
2602
6310
2209
5375
3270
6716
4279
7701
3993
4724
1988
1883
3807
7505
7217
2110
6143
1230
5488
8094
4088
1566
7353
2257
7140
6415
7781
4851
6598
1352
6262
6043
5253
9665
2881
5849
4277
3842
6345
6444
8574
9876
3177
7632
9035
9571
94
7412
2786
7541
6991
9034
4347
1716
6954
295
6414
9959
6908
9082
3421
5583
2716
2633
2844
1533
2756
5943
9177
97
5165
4226
3339
6349
1991
4153
9371
3047
6994
5803
4553
6942
8059
5963
7901
660
8326
847
331
8842
1493
3383
194
8361
4994
7674
177
7036
6655
5340
3174
6907
679
7213
4229
4387
4112
5787
3105
1073
1712
6199
9610
7581
7001
7685
1251
8835
1811
7821
5454
3164
3844
6142
5063
1323
5470
8546
2074
8468
7589
1581
5361
5991
7627
6271
6158
1466
1850
5449
2546
4756
8798
9228
7255
6614
7821
9021
1744
3060
2115
292
6843
4001
4990
8580
2544
4761
3699
7701
7322
2663
9691
4797
4654
7063
381
829
4476
4262
697
7719
7729
789
830
3918
6710
8301
9385
1045
5177
8364
7644
9946
6567
1997
966
4716
5714
2550
4692
1478
9444
7979
5620
5392
7281
48
4737
1707
9570
9195
1552
1146
3555
7128
1446
5040
666
5190
2132
9780
4226
3326
1088
5569
3444
9908
8129
4298
161
6871
4230
619
4095
9858
2292
3658
6957
9013
9307
3548
7140
6205
2883
7252
5948
2335
1848
231
7448
6229
7391
9611
8463
6303
4308
1710
312
3883
8626
4034
8689
1151
9134
3910
3132
5874
400
4224
4855
7082
4686
8934
4326
2865
8551
5931
1439
3937
2249
3175
4290
3374
2368
448
6147
8947
5548
4516
5221
5044
8669
8265
4005
8466
2686
3659
6272
3950
3883
5140
370
6725
3296
331
1500
8073
7455
3891
5777
6784
7613
5619
3693
2293
3402
7974
307
2365
7164
793
5825
8868
8727
5106
4994
5334
8795
5248
5776
8297
4137
7341
7219
4535
9571
5487
4507
682
3312
5966
8662
1376
6568
9233
8318
1694
5570
9393
3890
4225
280
9647
2031
9455
4627
8385
9083
9068
1177
8375
6943
3945
6063
4956
7502
6934
1772
2552
7974
408
845
7602
1153
8550
4494
5219
9768
5805
3403
6742
149
1204
900
3835
6436
7946
4358
7883
3734
667
2220
2517
7057
1681
1553
2487
3927
8598
9680
5801
8128
9080
2106
9251
7447
9526
5443
2014
1327
887
7946
2168
9264
6026
2003
3569
6802
2183
2947
9826
3076
3012
1463
5838
9194
2532
2930
8241
817
8027
1073
3925
463
7004
1916
2883
140
3267
5403
9926
7415
5838
1282
9835
5735
8086
2507
1909
4303
6875
334
9341
844
4606
1872
1014
6366
2664
8422
7326
1520
7735
5988
4337
3126
8730
4374
7720
3507
9201
7913
9134
2404
3191
1047
6147
4717
3132
5038
6266
285
5947
8268
9501
4112
2266
314
2752
6881
4160
6769
99
9194
3473
7869
2737
3402
3796
3900
1717
9457
8197
9395
5708
8859
2439
1470
8357
3718
2881
2338
3253
4210
5385
8305
584
4965
8415
424
2225
5448
2576
1848
6387
6561
1579
5328
4232
1677
5247
7347
6734
9610
3363
5883
9090
6078
912
5338
676
4056
2873
585
6938
5649
7339
7071
4977
4862
5567
5903
365
9141
1324
4799
5298
1882
5369
4320
3243
4981
304
7119
9464
5457
7342
5703
8421
8067
2535
608
5124
2261
6615
3368
5037
7326
1059
6284
1340
8816
4462
5380
8200
3710
2824
3337
5268
5784
7088
115
495
9764
6090
4291
8054
7483
9435
4617
9640
4509
6833
2659
5290
5842
544
3267
7569
7758
3335
9084
4429
8495
2113
8649
5110
2038
952
4922
3342
3232
7811
5083
6085
8720
4816
4627
588
4123
5565
8678
6705
3872
1216
2823
2121
4402
7287
6910
8860
5875
5770
3826
4297
670
8076
1651
4938
4577
8496
3590
227
5542
7511
9934
9524
3324
5784
8243
5742
8743
3481
4962
2642
2352
7306
6209
8981
522
3265
2237
240
8771
6015
2434
3731
947
4290
6598
7449
4900
8740
514
5399
1181
7664
9822
6911
9469
1428
5816
3537
5633
9986
8241
384
8466
4865
6868
6034
5182
1889
9108
7041
6961
4092
1617
8720
1071
1255
9766
8455
1681
984
114
3391
4730
9425
5793
9545
4229
9242
4790
6376
5789
6109
5543
8719
1720
843
1189
3893
2001
9340
9543
3461
2769
3604
9586
3634
1401
5072
919
8936
2030
2896
2601
8493
3809
5295
7449
4151
4906
6925
240
3831
768
4173
3000
4371
3288
9674
6871
5649
4136
9461
7529
7246
9879
6154
8346
6607
6131
2705
3101
2831
8797
2464
5723
9576
5925
813
7179
9245
2718
3280
1274
3123
1854
4823
8696
6623
9813
3972
1071
1818
3767
4065
352
4018
7767
7956
8779
6922
3681
2573
9467
6530
5332
3004
1997
1553
5995
2575
8571
3934
1607
585
3033
9822
6363
3119
5226
4296
8403
4844
8592
5557
5057
6820
6782
6947
5
3285
6716
6248
7961
3369
8727
3507
694
9528
9730
6030
5671
5339
6253
976
9800
6347
1392
8719
1018
3640
4484
6210
5574
7061
3838
660
8763
5377
4905
4181
8518
3777
31
5531
1261
88
7619
3239
4200
7352
6830
6834
2396
8146
4389
9685
7429
186
6915
1255
8944
6550
6744
1297
9266
6565
109
9022
9497
4252
5987
5278
7933
9979
9432
2090
4257
3695
7413
3505
9356
304
4630
8369
4735
5899
7670
6626
4211
1866
7991
6780
1840
5374
219
5848
1980
4703
6307
8164
6398
6890
1505
9024
3998
3337
5691
4118
4123
4353
143
1559
4552
101
2861
5087
9444
887
2726
7098
3044
5391
3087
5905
4831
2084
4786
6765
3462
215
849
4460
7407
367
8103
3920
2349
3134
6093
5524
1501
8291
8998
6795
302
7209
5464
4849
7390
717
6487
5347
9342
5197
4080
3898
1089
2139
3599
9106
3574
7952
3133
7497
2351
8206
3001
2754
1086
1166
6386
5353
1947
6472
5614
5938
548
9361
5658
7866
2978
655
1455
31
1555
6519
4109
2667
6426
6711
2407
1659
3759
5344
6794
4591
4228
555
43
6186
3829
4077
7356
7528
1771
5013
7867
2559
3341
9538
5624
479
4435
8721
9680
4899
9321
6099
7450
1833
13
4990
4046
334
5989
9242
1197
2802
1999
588
7953
5963
231
8831
6098
726
1854
1998
2817
4392
7213
9022
3557
866
7479
8984
3647
4595
9155
2468
3916
5559
478
5425
9816
1325
316
1458
7689
8391
5239
2722
7471
667
9542
8680
3653
3030
8715
7797
6500
6863
713
7098
1685
409
2543
3815
9521
4851
1414
7519
5271
5082
8131
8007
4968
8590
3545
5500
7603
2017
9342
5444
2584
5676
8248
4972
2763
4956
4356
7329
7928
1849
3971
7707
1661
8999
4578
8947
8232
518
7508
7654
5229
3092
8094
3585
7556
3795
5566
1180
5022
3956
9881
275
8626
7554
6032
3919
4824
9020
2542
7572
8176
5098
4257
979
9152
2225
7218
1136
6105
3393
2035
2574
5124
1243
1332
6118
1391
9632
8705
2182
6830
5189
3068
6422
2831
9827
8514
3797
5998
8619
5629
7026
5442
4534
38
6072
7570
7914
5060
1329
8856
9768
3397
5403
1392
6802
5640
4663
4124
1019
8245
2446
3752
5799
7930
3326
820
4113
3043
4403
7012
4395
4164
8673
1536
2640
3494
9948
3704
5622
6668
1386
3368
479
1920
7873
484
1358
4655
8299
1328
9782
6094
8216
1503
9118
2840
9714
2710
4545
6533
6939
8571
739
1640
9330
3535
5133
6133
5701
1670
6297
5549
5361
8127
6089
1175
3076
1956
690
4813
7139
9216
8998
96
5256
3879
1423
1993
6212
1623
7415
958
5218
5881
5300
4716
763
2276
8305
8263
5750
4174
296
236
7031
6144
108
7614
3272
9925
210
8693
6278
9838
5279
128
914
3125
9260
2594
6088
3596
9639
6416
4588
1490
5940
2246
2592
3169
4416
3457
2818
215
166
1388
2130
1006
5450
5178
6338
9994
7922
4428
4070
8575
3541
784
6634
2237
6795
9159
1459
3529
6100
2673
8525
873
2326
5175
5188
9531
8590
2277
383
6562
3671
5986
5750
7182
6232
221
660
9016
8487
3254
6855
3975
6075
6262
6388
1025
7136
1356
7608
7122
2164
9220
9306
6354
2510
7142
3436
6214
8222
9113
9952
149
6047
8802
2678
4517
7401
8461
7043
2210
3860
8662
8158
9066
9510
69
965
8584
6509
1668
5484
2378
5881
158
4581
2001
2144
1349
7771
4934
245
2992
7816
5188
5203
4479
8455
3205
3219
6013
2708
5820
3149
6401
5135
8668
3370
7745
9935
2211
1352
2947
547
3575
88
4897
2500
7676
5025
8137
6902
846
1847
1374
4989
8481
742
6894
2284
3907
3704
9745
2985
4427
8230
7019
6797
6288
171
4542
7719
8280
5668
5791
8848
1148
6772
2739
8265
2292
8292
7077
5232
5284
9992
7927
7554
7586
6876
9123
9978
8339
1693
4301
5368
5554
5876
2775
7724
6204
6173
2336
7329
3083
4006
3098
7576
7564
5923
7862
7353
1647
3294
6927
2782
7035
1563
7871
6555
8107
3626
7042
9445
5945
1510
3157
2067
7173
8218
2634
1666
9587
9203
7979
7266
8446
8225
6217
9310
6541
8535
896
7465
7344
2049
1992
6163
3430
2437
3659
7356
4783
6499
9070
4447
1049
6358
2574
5743
1561
9852
3512
6032
5816
3362
6292
3388
4632
2713
6511
6150
2705
7621
5364
8075
9340
9507
8247
2996
1867
8938
7278
8536
771
1755
363
8335
551
163
5114
4817
9346
6927
5828
8300
6080
4574
9902
1237
570
3394
2161
6613
8253
1616
2726
6837
1350
8568
190
1029
60
9038
1131
3093
7065
5558
6799
8615
342
1775
655
8171
7203
6390
851
3994
5808
8427
205
2383
1514
4240
1203
639
2757
6734
3931
6409
6354
3602
6770
7049
510
3365
1896
9046
7416
1417
7996
555
9564
6207
5888
1331
9264
997
5993
8461
6554
3324
7749
2991
9436
4872
2632
6423
5501
3473
501
4365
9429
2279
5222
2260
9109
5010
1065
3295
3377
7047
135
9056
3579
5654
4145
2972
5949
5296
2713
7658
2259
9703
7514
1130
1779
4717
2805
8066
9081
2078
4970
6356
7027
1290
3023
7579
661
3610
1296
3124
1210
2228
2275
3066
5609
2010
8310
73
1920
76
6152
5172
4959
5374
5376
5218
9315
8260
2606
579
3645
6745
8013
9649
1822
4031
593
674
4082
113
2978
9065
1623
7845
4357
2860
3560
3757
8516
8944
7802
1564
889
3920
274
581
2172
8525
6816
6031
2614
175
5357
1478
4930
6154
3069
1243
2927
7644
736
4875
5780
9058
4187
6861
9649
6218
3629
4356
221
1236
6449
8020
5729
4082
5184
3778
6241
334
2959
2916
8226
5562
1596
1992
4365
3234
3457
5489
222
4558
2579
8331
5001
1267
3530
7424
6042
170
6396
3123
3431
4888
4856
6617
6500
4636
3564
1575
9923
8568
1156
8679
1830
3703
7808
9140
4482
1180
6896
7653
2834
8091
9790
2167
901
2785
6680
4258
981
813
6985
3133
3237
7362
1556
5950
2342
5861
9676
7658
9126
5441
2322
7562
9397
9162
8379
398
5029
6718
1853
6331
9822
6151
8087
2241
3900
6862
9483
296
6998
4937
9480
4328
4203
1093
5896
471
4602
2591
3874
7756
2254
9964
1405
9171
2372
3448
1747
986
4155
6811
9389
2888
1831
5720
240
6477
9106
7919
3092
1189
880
8898
9053
9046
2429
6645
6568
9864
981
5742
1684
4276
8559
7260
8426
4901
9511
8884
602
5628
167
9319
275
5887
1073
5263
4447
2753
3067
616
1561
5597
2632
9291
3884
1004
5103
6326
6489
3862
4170
135
6036
9941
445
7319
3404
6468
6593
1540
1733
9255
8988
438
452
9173
367
6131
550
9039
7020
9277
6669
4580
7937
5353
2904
3997
5974
3612
4222
116
9390
3150
7463
9202
605
7024
7559
6341
5271
4089
1784
2816
2913
7100
2867
5804
8342
1221
4058
7069
6136
6915
3845
1359
1361
576
7799
1215
4532
330
9052
2230
7237
8870
2865
8544
1346
7035
2048
1211
7085
9625
1831
2491
5047
2509
2244
3882
8970
3708
2479
5677
1618
5548
2628
2065
8586
5922
3787
9812
1247
4246
8006
8017
6371
4004
7638
6563
6864
2763
6619
2906
6486
808
8822
6844
467
9469
6108
802
2926
4666
6873
3891
5024
3293
926
4975
1152
374
8058
8801
9210
6163
7472
615
4347
2811
6506
6462
5947
5862
3914
7623
7399
905
6649
2790
5898
6720
1566
8585
7751
8995
8300
181
1094
5579
4760
4379
4696
4270
6166
3146
2649
9317
4063
4431
3570
3935
1233
5623
3031
5087
179
9077
4067
177
4083
4094
3262
6714
9295
1281
8889
3084
6780
9557
790
2184
1798
2939
3462
5134
2564
9283
224
1808
3591
1226
1867
4358
4335
288
633
4970
7018
9976
7328
5907
5178
2200
7301
6527
8562
8864
8711
8745
8925
6840
9334
170
2138
8674
7374
2779
3432
1439
5876
4153
362
2798
5483
4305
1560
8270
7427
3051
7666
6468
9759
2372
993
9720
1522
2787
1467
490
3590
6317
9714
5074
7144
8163
3835
7733
9843
5129
3766
6675
935
8930
5407
7453
6566
4823
7535
1365
1227
5734
9855
7262
8967
2695
2843
6258
6457
2570
9039
593
9897
4988
2129
4695
8482
9241
1194
855
6378
491
9474
5187
9327
5552
423
366
5903
9001
2074
8360
7732
9999
9542
3960
554
4161
3357
3113
6255
6424
5601
8011
6294
6619
7276
7722
4887
4222
6749
2908
8518
9733
3728
1219
2959
7127
4440
5970
2859
1278
587
1533
530
8330
282
7833
8413
2709
8924
4098
278
1953
3238
8875
3999
2446
3321
5536
9835
8152
5191
7064
9389
2076
2915
9238
8443
2443
9717
2223
7854
4984
1383
6438
1337
3963
1712
1442
6596
72
74
3345
340
2233
1825
2406
4168
5048
314
5325
6434
6249
9213
8272
112
9972
9425
3426
2247
6400
1299
2568
155
7963
3555
9656
8781
1238
8139
4953
9186
4557
3132
3818
7403
7493
6326
2494
4326
365
2884
3637
8225
3991
3538
2439
5958
3952
5101
5129
8935
9211
2165
8817
9159
5500
9041
9958
259
5327
4479
8113
3771
1769
5334
1872
1345
4455
6138
169
9069
9699
8011
3324
3834
2069
4635
3969
641
8325
6938
8224
7840
8638
272
671
1926
5902
6102
950
7614
3419
2305
7854
1973
8032
2156
5224
3705
4228
7104
8331
6177
7979
8771
5573
7443
70
5787
3474
2246
5078
6157
1498
1060
4526
2007
1813
4203
5158
614
1722
3313
4460
532
3461
738
8341
3393
9798
792
9873
989
8310
9829
1212
8704
5461
6879
7744
5142
8431
824
4040
4922
9885
9769
5552
5774
9815
4875
2488
660
9927
9506
5639
6093
873
823
4316
7115
6206
3424
7792
5860
7632
2750
4647
8374
9888
3746
7686
7361
4955
9500
5838
2918
9067
2914
8262
2938
1673
378
7671
4358
4625
3796
8496
6671
7390
4151
202
4125
6996
3383
7990
3930
3372
47
131
1736
9850
2128
3852
9999
1578
3606
3821
3331
697
5043
4693
6062
5984
8891
5623
1919
5195
860
4476
2478
9976
9303
6291
170
1771
143
5448
6657
6718
2925
5250
236
9686
4862
4197
789
4145
618
8776
7750
7467
5585
386
7343
6159
2611
2750
4466
971
652
9037
7263
1260
347
7562
5143
6600
5262
1176
16
8539
8556
2344
3748
3369
4606
4551
8710
2707
9883
5316
5058
5956
7374
2863
5152
1099
4390
1485
8165
9635
4218
8168
9429
7373
279
6100
4617
3183
1511
9932
7016
614
5359
2154
5862
2359
2614
7557
4198
3188
4093
6597
1949
9338
1920
8754
9957
4326
9751
5674
6858
9048
6217
626
5909
7951
510
8852
5538
2308
6958
9366
5936
9891
3499
8267
9524
2260
7705
1091
1258
7400
4198
4222
1082
5279
8633
3949
7411
5990
5035
7785
3542
6077
9516
3389
9794
8919
1188
5390
7911
6123
2984
1372
9321
8279
7140
672
6083
228
1051
2565
8837
1476
5112
4723
8156
4392
1615
8886
1629
494
5510
6013
6013
616
3802
1215
5312
1080
6879
1960
8876
1991
3463
2976
6937
7221
5566
4701
2935
7402
1296
3647
9388
1707
407
409
2041
1304
405
3216
360
8067
9611
2411
2980
7547
9892
5626
9268
7846
2001
1060
4533
2461
3425
1192
4083
2529
3356
6373
8212
4923
6300
7221
4930
7985
7673
1124
163
1685
992
2766
7511
1831
3967
9014
7181
251
783
1652
9825
1477
5278
4486
8758
2225
9817
2135
3724
7519
1186
1244
7726
1323
9812
3003
1371
8171
1088
5095
2495
1889
3618
614
6622
704
9269
9459
5324
4764
2048
3183
1756
6698
428
1907
7059
8486
5266
7616
4119
868
7574
4247
8825
8910
170
7157
76
1004
3856
9750
2562
1857
1665
315
9938
7794
3155
7910
4087
65
8953
4193
8088
936
6669
7614
3647
4674
5843
1417
5673
3027
298
3978
7577
3415
4884
3271
8761
5480
7727
6086
686
6041
975
6896
3014
5439
4874
1457
2929
9024
3888
3980
105
2883
4533
8908
7328
4855
45
6805
5989
7104
6883
1496
34
3451
8181
2869
2340
8643
8719
5835
9672
5820
1202
8251
5743
3181
6977
5371
3917
7227
7672
4758
6452
8624
3386
1024
4248
5146
5317
7256
7791
4783
3124
54
5063
9711
1601
9043
1219
2674
7364
7592
5556
768
3005
8751
5264
5887
6074
4518
4721
7063
4005
4082
5052
5138
1534
2751
5693
6639
4032
3013
5996
4005
5954
9335
7614
1140
4044
6918
5066
2152
7732
8450
661
7879
1860
6096
1773
5753
618
7638
1311
8744
508
4211
1558
5837
8869
349
9217
8153
1585
7202
5759
8853
1649
4144
2601
865
6619
6288
7676
617
5553
1884
5505
5062
4076
2146
7979
8112
9524
2384
5725
8465
9247
2671
7781
8197
7637
2285
8473
6862
187
8722
5212
8627
7556
3140
9229
2856
5056
9334
845
1897
671
2091
1115
1649
2119
7800
5917
7463
3342
8616
3405
5271
6564
5145
9358
9647
1135
259
6249
4144
3141
105
5528
756
928
6616
7822
4575
5297
2268
8514
3437
1172
3634
70
459
1211
6584
7544
7314
729
6113
4788
7758
9678
6053
5284
3790
554
2116
3621
2963
3728
8507
2839
1259
3032
1487
6144
6711
9217
2999
8158
6152
1009
9302
5512
6889
2650
1333
799
246
3020
5008
8358
1370
7185
7687
6683
4886
7976
3748
433
477
129
6252
6667
9868
498
8158
5399
9031
6228
2729
6789
9119
3917
3403
5907
6847
4634
1219
9447
5430
9497
9944
8631
4591
9857
9858
2856
779
2926
8294
3649
9457
5901
5456
4811
4459
2752
4473
1383
482
6094
9927
7164
8900
682
4084
3324
5361
1566
8486
2034
2726
3461
7645
1275
2080
4514
812
1150
4210
3200
7039
7160
4946
2694
9371
8248
2973
6694
1667
596
9051
2899
8230
2119
6413
8237
4741
8407
3907
7467
9042
5575
586
899
9157
5862
6706
5496
9464
2225
3390
6657
434
7580
9733
2322
1457
4392
8293
5706
5520
6098
487
3064
9416
8168
8557
5770
1747
6025
6776
4915
1819
3751
4183
8056
209
91
6761
24
7274
1030
4611
5414
7988
544
5870
116
1302
6719
487
3997
3157
9268
2170
4511
9507
1013
9961
1700
7617
8691
6037
6332
1174
6201
8288
2552
2360
144
2889
2101
3078
5872
7766
5458
6520
1239
6080
3984
5438
5439
1192
4486
5990
4016
440
702
9801
5586
6788
7680
4149
8652
6478
920
6165
3262
5785
694
1563
6839
8438
1251
384
3204
6602
2443
3635
854
8385
6523
413
5503
3595
5527
2774
536
1188
2296
5632
4482
8082
3457
7344
8807
3735
1933
7469
1804
9990
2807
8337
7926
9523
2502
332
1445
7427
3714
5912
2785
3315
8359
888
1984
6196
357
4345
6930
8499
4497
9242
937
807
652
5016
7704
5924
9726
2930
3814
2732
7583
8060
6303
2165
8498
3470
392
7014
3822
9612
6525
4475
4554
7153
2808
6887
4452
7524
1312
4793
3918
253
4652
4312
9973
4417
4194
2232
4191
8984
5937
6110
3505
2048
4247
3600
3675
4491
7088
1653
9905
563
2124
3324
7638
9565
4267
9865
7351
7995
3671
4298
7473
4844
4990
3080
1120
654
4523
5832
6629
9780
144
8257
2818
1346
50
6200
694
7541
9985
8246
4208
7632
707
8380
1009
8752
6700
7325
3475
6817
4443
7337
1616
8874
1492
3371
6128
7028
7061
1048
7346
9464
8872
2775
934
6005
9588
9216
7045
8273
6736
3709
1886
7959
3669
8637
1662
847
143
2231
3627
3339
7424
6876
1021
4317
4465
37
4330
8854
5958
1196
6348
4873
1292
1238
9200
4254
8673
4893
270
7155
5808
9244
3232
4013
6040
5748
7874
380
4729
6812
7252
668
3178
6821
4782
5976
3961
2635
2769
3673
9728
8919
8806
8684
2288
305
2165
801
1149
6051
5236
1535
9030
2809
4842
8758
8527
677
8927
4556
8349
7535
4690
377
7469
4473
9350
5982
465
2656
6346
8720
2280
8958
7268
2963
681
5549
1033
5025
2236
1686
9899
1674
9717
9271
8848
6293
1149
6275
5195
2484
831
1220
9113
9765
316
1899
2633
7765
8556
1816
4233
2896
4418
3413
4186
4947
2042
9900
1487
5603
9633
4986
7847
3510
9025
1467
3797
606
9080
2452
9448
246
9972
7759
1164
1877
6429
641
4844
6848
6063
7000
7089
5052
1426
3088
4700
5105
2520
2325
540
8666
2450
1122
9197
2952
4239
712
2653
7094
8178
7386
6636
6472
3135
7493
7056
5501
2611
7101
3201
2067
3229
5315
423
1369
7484
8626
7983
1071
2790
5833
5860
6858
7889
7459
4624
3125
2578
4690
7982
3953
3809
5802
2186
2796
5301
3433
5592
6975
3841
8564
4334
7138
5738
269
2399
2698
6980
3137
7893
1987
5592
189
2362
1112
8596
9073
579
3951
9647
4669
6010
9042
3815
6936
1478
8472
5385
3551
1481
9154
4444
2602
3238
3713
5867
2778
7917
6404
3725
6495
7732
2351
7171
3014
7635
6024
8573
3856
2108
6715
4345
4685
7878
1342
7481
6855
6085
6222
4416
7100
2039
4056
9816
5347
6285
5604
195
5871
2420
5467
589
9249
2415
1817
3242
7463
9091
7005
3409
7523
4142
1774
180
8295
1653
5864
2299
476
5641
2244
3868
8162
4773
5509
9594
1266
9031
4495
7335
1519
8456
3026
678
1850
2858
8964
5906
7365
3725
1036
20
2799
398
2058
8581
6350
1404
5045
1313
9691
8376
8397
8564
535
8360
9822
6788
5452
8888
470
6682
350
3727
9597
7182
8080
9801
3715
8990
691
5830
4728
4346
2024
750
8101
2127
9511
9871
4536
7327
6728
3621
9356
9721
5375
3556
7511
251
9301
8133
6733
5424
657
5531
1137
9223
5557
9712
6572
6914
1557
2849
9510
3031
5010
6211
2369
2615
6500
1841
4534
4984
1735
4739
2087
2578
6396
9388
8467
5810
6817
8128
5624
5630
8523
2240
7202
2854
8686
4596
8242
5635
5839
7428
9658
2239
1953
6034
6884
2688
5211
4647
2802
530
4779
2281
2033
8624
8916
3749
9943
2495
9715
1999
4107
1479
2656
100
6179
639
6799
8600
8792
3588
7205
9232
151
5862
5368
1470
2161
2175
368
3141
4993
3216
2890
4840
6093
4425
2667
6563
806
9317
4224
1349
9738
3744
1284
3529
1561
9206
2972
288
7204
5402
8652
396
7377
2623
3436
6251
3771
7174
4165
8014
2199
2501
6918
4613
6097
336
9395
5593
9429
3495
6556
5894
697
8060
8348
1699
7175
9039
1688
2528
5977
1272
3383
8026
6013
7296
8593
1837
6712
8444
3472
9671
1207
2310
5459
5253
3520
9450
9778
1996
7031
1947
9131
4438
6172
7872
1627
8488
6034
5758
696
4524
3307
866
2267
9263
5102
9739
3195
8568
8331
3346
8932
8020
8341
7560
2119
1707
8350
2922
9579
1344
1825
7859
9249
9706
7288
2798
6645
6938
157
8359
80
6872
4910
6413
8746
4478
9497
8997
301
4289
695
7102
9941
8760
3302
7613
3348
4122
143
9045
4178
744
5910
6884
6625
8980
3791
9917
5214
6285
6589
5165
4452
2408
5301
8684
5738
1133
6722
5219
1533
9691
7186
5844
7752
6664
3886
8490
4351
8328
1335
3294
6124
7657
6747
3011
5136
2378
7638
5998
571
6070
8037
3094
6951
8193
7654
9332
5519
8477
4732
5815
989
6665
287
2615
800
4151
2464
9171
5564
3081
7337
8473
3628
9527
8419
9458
4370
8559
6929
3480
927
1049
6186
8404
5550
7062
9588
1528
1595
1157
2396
2966
8002
4321
770
6939
5585
2523
4288
8540
9775
2127
9835
6779
1270
517
5843
8310
5515
5495
1205
92
1375
1434
5855
4284
94
7483
4835
3437
740
7
5333
9012
3375
9766
8207
2741
3168
1190
8500
3721
6299
9264
4032
1015
7998
3528
4174
1651
5039
7734
8980
8704
9613
2044
73
7219
5416
9332
5303
1749
7133
9864
2716
5077
7034
5613
7338
4552
1472
4972
8125
5277
9445
5630
1932
434
1801
4852
4681
4956
4593
9536
6644
2583
8271
436
588
4779
3315
805
2660
3463
4778
6459
9428
2988
8213
7784
7654
1000
9429
9394
4673
2174
2145
1759
9572
1263
42
5052
1480
7527
7894
9226
4999
8982
3752
7590
107
9369
6945
1123
9502
4196
4736
8565
1889
4079
6373
5453
7897
2122
2339
1340
7252
7118
4819
3622
2858
5378
9861
7765
14
3287
7346
4695
5410
7328
1677
4869
9162
9873
8664
6256
6266
1923
7106
4506
6537
9393
1694
5870
1878
9362
9199
414
8857
723
9407
9911
9379
3792
8959
6739
8287
5919
2232
2010
5354
2090
9793
8950
9166
4663
1242
7746
3258
7237
6756
6749
7374
1493
2771
2145
2993
5747
3004
7547
8133
767
1336
5078
9635
6396
9147
2553
3488
7205
9358
8009
9921
6599
2888
3020
1035
1567
8747
3596
3027
9168
283
6403
5364
9312
249
1449
3583
8881
6670
7832
7484
1911
5843
5368
3294
1931
8397
2044
4069
4027
6198
327
9213
6955
7878
7836
948
4732
3633
1314
7721
9159
6713
2016
6768
6487
356
9818
8514
336
2745
2488
3825
8752
8452
1552
3112
7040
7545
9295
6273
6950
3797
5193
2497
7835
6432
9866
9790
1972
7134
3976
5968
1663
1205
1928
5205
972
1672
1849
1727
7861
9810
3296
1224
4860
751
2081
7526
959
4548
9335
5305
1930
5695
2657
7312
6618
7769
8474
1612
5481
1287
3970
7453
3723
5184
3758
1848
2612
4505
5224
650
3172
780
8740
7942
7744
7751
2689
9018
8349
9745
696
2704
6299
9431
1349
9936
3885
5221
1007
3891
2097
1552
8693
658
1168
5967
9206
4620
9283
794
6493
55
7967
5067
9096
8062
4511
4882
179
5753
8701
564
7846
123
717
4083
8904
2676
4934
4040
7869
2342
5038
6461
3107
8308
5681
935
1398
3766
989
5681
1675
1770
1885
68
9583
4005
9679
2098
8204
9927
1188
4402
2612
9437
5268
2133
6381
6991
8748
7431
4682
8345
7077
7057
8850
4088
6594
2940
8480
1962
7126
8784
8118
3015
8671
9210
1518
799
7331
6811
4270
201
4197
5533
6295
7371
3412
5618
8490
5207
9601
7477
9704
9170
3434
4177
7365
3536
4504
4048
8008
1611
6161
2427
2130
723
5243
2849
8824
3935
9198
2867
8046
2737
5845
3036
6306
1864
6433
1069
4019
5471
7065
8886
7532
8099
7729
113
4176
4337
2310
3097
4755
1278
9428
4296
5027
5168
4372
9501
8898
6409
8726
1164
1713
2677
8231
7072
4314
9433
3038
5212
6666
2475
8792
1151
7241
2768
6030
5413
4488
3488
1729
4410
5781
6598
5570
8793
7790
8771
3903
739
7888
1923
237
9036
4314
7863
8079
4559
3507
1441
8513
273
5269
5071
2499
3651
2084
6110
2069
4529
6271
9391
8172
327
8802
6551
3566
4595
6837
7041
1487
8310
6805
910
8681
1269
45
4765
9361
9420
9249
2309
5372
49
5238
6942
1550
934
8225
7392
5962
1192
7387
5300
6507
5717
7005
6231
6413
6442
4766
6316
9369
6682
1926
160
5292
3531
2302
2185
9603
8699
7783
280
9108
1120
4803
7822
8108
3644
8803
8571
3281
1823
3838
5921
3299
8183
3515
4839
8916
1234
8556
6490
9280
4164
615
3245
3835
5556
8962
1633
5334
9616
9401
127
8014
5633
5295
3170
705
5162
8671
6147
1149
298
1118
4428
6535
1201
6768
7485
9653
3902
8147
4173
5625
2279
8731
3720
5594
498
9771
7367
1360
5056
3181
5710
9164
2074
6238
1694
8434
1059
7289
219
2116
3581
3166
6280
636
7415
3903
445
4485
2052
7207
3547
534
4535
6167
86
3053
6634
8623
2161
6340
8366
9013
5288
7539
7469
709
2278
8738
2507
4997
4455
8568
603
7939
7096
21
6750
8461
91
3160
2262
9549
358
3566
9800
3967
2570
440
768
4288
6386
6775
8351
8374
2226
7527
2175
7510
4158
4405
9799
6502
3260
7630
4585
7887
6402
5254
5497
814
9065
6642
6921
1383
7252
562
2367
3222
7081
6734
1272
7924
1869
5548
1685
9683
8447
8636
8931
9847
9210
9824
7930
4224
7150
6730
491
7991
9
9380
9404
5605
1534
8487
9072
9355
9543
4456
9455
1905
5575
4597
5
7967
7320
4152
8358
2529
9635
9941
7071
810
6671
9014
5128
489
5328
4113
4165
464
3680
4386
1388
9095
140
458
4273
636
9621
7940
684
9828
887
4336
1292
6515
1222
4190
5349
820
8595
4968
6533
5493
4431
2924
9669
6994
2823
5429
7419
2541
29
8549
411
4583
4871
4081
3038
7982
5312
6185
6875
5186
7037
5810
6001
3925
5355
2562
5223
2223
8595
5431
9738
8843
6415
7685
5174
9490
7526
5402
9392
2
9395
4848
3232
3962
3636
3726
6780
4965
3358
6155
2703
1120
7646
8080
9976
8538
4026
1209
5663
1943
2166
2712
562
2977
8419
6597
9726
6891
6386
5446
3865
1891
3014
3095
5548
9236
5559
4695
6094
757
3202
4895
9500
82
2525
8623
1348
1909
8393
4310
2977
2784
7057
4413
7521
9289
9903
7665
5105
8434
7854
5532
4602
3796
9354
3951
6837
6521
8819
6478
8890
9683
1296
1704
6502
3755
6031
3249
187
937
267
989
5729
5901
5879
8780
2170
6377
727
2973
6323
683
2543
3776
7719
5034
2610
6651
4590
9068
2028
3720
5458
5601
5723
2122
1298
1728
4536
5467
9855
9276
9940
2643
1267
5139
4797
5959
2786
8291
5600
7387
2217
6217
1080
3925
6419
5208
852
4160
8715
8306
1095
8713
2443
6725
8633
9322
6019
181
8363
9249
8005
3618
2680
6716
748
8406
6727
7123
2189
8477
8060
8033
3510
9473
6526
5153
4644
4801
5379
9201
5216
1070
8808
8069
8345
2434
3581
5547
4621
4861
8253
8663
7392
3037
2891
1451
5168
6281
2631
1380
9087
2282
2992
8627
3823
2375
3988
4214
508
555
7843
8659
8274
389
6130
9856
6032
5932
7851
7314
1188
3949
9121
8897
4566
5923
8705
6276
9761
6721
4756
2302
1803
3390
1505
9172
7206
1710
1151
5449
5695
281
2360
745
7956
8811
9866
7742
435
1735
1575
7954
6749
3576
4572
7922
137
9014
1534
9387
2373
7937
1472
5076
6343
2350
3393
1336
5921
4539
4243
1262
5715
3408
4310
1351
2683
691
9459
8307
6087
1704
9125
4736
9819
5812
8833
8608
4222
4972
646
2853
9119
1023
4063
3148
5077
2796
7382
6484
2979
5217
3027
1385
6923
8258
6961
7762
5561
7970
4498
4419
2416
369
7177
6159
3570
243
8501
3229
2649
7464
7165
5862
4019
2509
7014
9129
8826
9646
7186
331
6561
3286
1235
862
6298
6005
5725
7901
6292
1260
6074
6369
4418
7992
3415
1123
5911
6265
9819
2207
7261
6670
7687
9953
8758
1263
3753
6270
505
2279
1707
258
1214
8379
3320
9393
4341
6635
111
6940
5183
2661
3312
6371
8384
8320
1779
8145
7005
7083
4952
520
5232
7714
968
1578
7226
8970
6971
6785
4872
2523
99
4651
6334
6007
4886
3174
4239
2666
2489
9444
3679
3760
9159
1627
1120
429
1057
1036
7944
5357
9199
3885
2596
9513
3285
165
1142
4002
7920
9780
777
4798
9216
9501
1301
7644
6608
3505
9822
5813
3616
6168
4167
5489
7828
8062
2452
8099
4741
169
7805
3267
9909
9090
8430
198
1456
9991
4091
1579
286
6172
7633
1060
1332
9722
6264
4399
6426
597
2356
6688
2264
7213
5483
8574
2314
6401
2993
4903
1267
8314
1726
2464
8221
3836
7842
8364
9006
5668
9359
2856
3974
1325
1684
2497
4245
7734
5802
9587
3466
8744
2486
288
2549
8198
3103
3945
6398
9590
4378
4251
5647
2070
7505
9257
5212
6396
2083
1025
9171
8735
5237
3006
7134
9260
9317
5082
8950
9477
3775
2046
9153
4796
7496
2743
1596
776
8680
4822
4708
3650
5573
5157
3373
4207
5914
7921
5334
7497
8294
904
3748
7868
593
5392
4442
5402
1818
7410
6986
3212
3755
7537
2086
838
1822
91
8671
8054
8857
395
223
2569
2596
5528
993
3497
6699
3837
7086
8230
4479
3142
3251
9248
5095
8516
5373
2798
5525
5917
6183
7519
8755
5491
4554
7339
8299
1135
1011
836
598
4938
6067
142
7020
5896
9088
9928
3034
4625
40
4903
5186
7821
9397
6078
9692
4459
1580
7803
9659
9679
8896
1136
3962
9110
2692
5085
1844
5031
4637
9463
1331
295
4741
6935
3425
9737
972
1041
1514
3936
5449
6159
2291
6370
3359
6378
3635
1868
2362
3701
6847
8124
5001
2950
1348
943
8533
4897
8333
8375
2927
1186
5605
152
825
4999
86
447
6506
9192
9664
3247
9557
804
4725
1082
931
9929
817
5961
2892
4751
8743
6440
6309
9346
6470
6417
6388
7883
1450
6195
3711
1258
4671
8607
8290
7713
2273
3278
9871
8048
63
4418
2383
472
3309
8504
7127
782
8056
2135
6886
863
4085
1192
3290
7002
2547
8113
3955
8063
3791
5968
7759
7794
5413
2304
6820
8331
6068
7451
9613
1773
9147
4845
28
8544
9935
8656
4845
2574
1886
6601
6619
8231
222
6334
1195
4114
383
5427
1398
9184
7695
8368
389
3870
316
4288
3557
9991
6564
4169
6441
3571
8040
2435
6095
5793
95
2710
9451
5756
1751
6964
2799
5069
3430
4032
8492
8812
7454
4970
1394
5668
4927
9161
4467
6227
2183
4803
3974
9850
7652
9404
6808
3271
7242
2360
9468
253
5168
1903
3779
3981
2645
9836
1783
6947
9856
3985
3889
3199
821
6235
3739
7742
7971
2414
8287
7556
970
9485
1710
3864
3226
2456
6124
9549
9702
802
2025
9497
6296
8557
7163
5108
1470
2980
8182
9934
4450
2149
2014
3868
6759
7178
8916
3537
3695
3907
2139
3510
4297
9905
4814
3798
3752
9409
9531
504
2207
1411
1751
7001
6121
6582
5829
6901
3637
7202
98
9826
4158
8913
1207
6985
1256
2362
2577
9842
3222
9516
5293
6124
3721
4084
6493
1238
6147
5067
535
2396
7994
6063
8637
5505
9416
1244
5559
5461
814
871
1756
9987
5337
8423
7392
9850
6413
6432
999
5222
2413
1085
4248
5482
2109
3258
380
3020
7007
7899
2614
382
9433
2796
7725
8116
2520
3957
9236
4695
1502
682
9594
6101
6502
6429
8173
5250
8649
6496
9082
975
1128
9035
4223
4277
3001
6598
3010
3534
8320
8052
3274
8353
1938
5452
4939
872
8015
9045
3135
4063
9224
2205
3856
2491
5291
3046
4770
5957
9984
7133
9325
6226
5115
1641
9224
1424
4722
8541
817
319
3017
2969
137
2537
7945
7683
3724
9519
3615
7278
5278
9122
4368
8564
1057
6987
2394
6614
7955
6472
4902
1612
4421
2739
9258
8218
8854
9520
123
1490
8109
4786
1935
6896
5830
8795
6704
4071
7155
463
3597
8821
5348
2100
4587
9861
6434
5592
4424
721
5348
1390
6512
1137
693
1030
744
9924
189
5944
2968
8298
8507
2461
7910
9869
5844
26
5917
4778
5461
9450
2685
1871
4789
9047
8027
9634
9014
9349
6457
555
10
1835
177
1247
561
8095
6426
9995
5457
4972
4413
6473
4639
8466
7762
6002
7913
8219
115
32
4422
3606
3282
6239
4821
1489
3110
9503
3154
3719
7969
3240
8631
3924
3741
8955
9631
7377
9028
2417
2885
9073
9775
403
3196
6999
7638
9508
8936
7425
6294
9087
6473
9445
3409
5336
2872
7350
3152
7202
8105
1091
4931
5741
8192
3660
1576
7033
4561
2930
4970
2747
2543
4858
3633
715
950
3342
4487
1768
4245
3265
8187
6169
6338
2348
7983
400
3281
4617
3755
7245
5808
3915
8820
3101
8697
3736
9687
9980
27
7829
8207
6542
4402
9980
5095
8950
1538
8108
4538
6129
3603
3357
485
8210
8422
6479
9853
5819
4534
2398
589
4180
2250
1108
24
2363
6135
4875
6525
8905
3890
3005
3929
8989
5042
7386
5174
9367
5092
3893
5200
9299
4952
7932
6168
639
8729
6290
1490
347
9946
250
2633
5645
3404
4002
9107
605
5980
154
3103
9972
4025
8575
3674
1212
9283
649
7024
3363
3103
5229
5744
7634
3943
9471
1209
9284
4078
5768
7360
9430
289
3952
8516
7178
137
8393
9640
407
9886
8328
2335
4464
7141
1936
2199
2367
6809
7468
6412
1838
8024
2584
4092
1906
4996
7133
2251
9525
9370
8199
4125
9758
8927
5909
6560
6847
4998
9789
9021
2955
9007
2841
2275
5938
2777
7410
227
1114
9256
9655
1387
3003
8098
730
5226
8728
7075
4791
6258
2501
3088
3794
1659
2233
2664
1052
1443
8801
2567
2865
8964
6014
4292
4434
9518
1949
234
906
9892
8289
8516
7775
5027
7199
1394
6566
1116
8694
8280
8323
6786
8441
37
4188
6351
5274
2145
3849
5633
6756
1551
5067
5746
5877
7058
8486
9205
854
6220
8828
1596
1785
9281
6727
87
9854
1547
3074
4022
4834
6231
7460
2224
8116
5836
219
1580
309
8220
4337
7308
7228
2466
1709
250
1347
8283
3257
6955
1425
8946
9292
1552
1685
4564
579
7531
6044
6226
16
9566
4943
1604
5935
8767
9532
2298
8449
3303
7486
5854
8903
7658
3644
5045
637
5874
3596
3733
6512
5636
8482
7537
8413
2756
8425
8159
1048
5219
4956
3786
2662
6806
705
291
6327
5491
7202
3746
8147
5397
4506
5883
9280
1950
2089
4060
9325
5292
6292
370
5743
3252
7692
588
1733
7451
1337
4679
4281
5060
546
6168
9014
7155
6108
6008
4833
8624
6797
5033
6197
7527
9324
9847
751
797
6854
5818
8834
1565
7823
6024
2184
2704
5444
9223
9767
6682
7385
4640
2235
1137
1156
5519
469
297
8052
5991
7216
9675
479
499
2459
9012
5975
2550
5864
8969
7753
5652
81
7033
2978
5754
8562
1035
4237
119
8694
4981
9469
9950
1537
5486
2612
3412
7463
9884
9086
4436
1976
3831
2205
162
6585
8031
5217
4989
5472
7928
3588
4445
1676
323
367
4171
6846
6905
9628
3024
8824
1200
7626
8918
2224
256
4886
2843
2064
8943
3148
1859
8222
1144
4538
4973
3651
6827
5453
6894
2699
7790
6443
2378
8200
208
4716
9057
6226
8366
1621
8245
2655
2719
610
8010
2203
2922
9408
3767
2036
6823
4388
5721
9941
3523
955
6582
2877
5789
7664
5998
5051
4765
5779
3598
3561
2037
4892
799
1905
751
7740
5115
4496
4853
3211
5967
8070
9776
9924
7772
1719
6920
9929
2376
8626
5451
1556
1585
8939
9993
620
4082
4870
8987
9696
814
7746
1139
1395
1497
8704
6623
8660
9349
4143
3640
6648
1834
4230
3415
2390
2639
6269
1222
175
5013
3112
4980
7657
9476
4480
7330
8214
3516
7104
6043
3301
813
297
2337
1349
4354
5490
2322
2818
9624
7520
9226
8349
4397
2958
4721
6396
6036
7305
229
4011
6436
6955
8450
7341
7760
4274
4510
8963
7762
3532
7825
600
3552
817
6546
7542
848
7116
93
3577
5880
7863
6415
2927
1214
8307
8980
2904
6398
2737
6168
4367
538
8432
7370
5173
7963
1651
6527
3974
6950
7150
1810
778
2170
9981
6057
1323
3718
6369
451
1726
1175
8328
2045
4416
3375
824
9188
9070
242
2583
516
321
7801
5370
2671
3812
4329
3624
3066
2499
2014
1931
4113
9778
2928
3810
6107
5895
440
4117
5672
8773
9996
8791
454
6070
9862
705
659
8436
7475
5329
3053
8739
3959
1662
3701
5327
1645
2998
6483
6894
6476
1926
34
7202
5126
5733
6060
9822
762
7021
4336
9089
105
1367
7679
7763
2357
7299
1207
5483
1381
1217
3463
699
918
2255
2017
4282
6588
8223
6845
1516
5158
2227
3914
5807
6479
3800
9455
4580
4592
1421
1584
2039
3426
6478
3612
4605
9522
4209
1539
9098
7550
7836
3525
8268
2603
1713
7206
8760
1833
2008
7613
5615
1358
1719
5532
2684
4831
160
2986
557
5838
5735
7723
2955
9660
9390
3009
4919
4431
4400
6764
5107
2879
7238
9964
4299
4955
1129
9144
4110
8281
2261
5543
9229
9066
4293
1228
5726
6139
3921
8671
4269
2136
2817
7957
8560
8107
8381
3521
8614
7954
9139
9876
1243
3535
755
3425
7050
8952
5082
7003
8272
5455
5433
1359
4824
7421
3618
8046
4489
3383
5327
7795
2264
5810
4207
9523
8667
8450
7709
9746
1276
1518
9646
8241
1190
6624
7239
8101
655
5096
8713
100
8753
960
7610
57
6534
8314
2593
5175
1872
934
622
1689
7187
9088
6355
3720
304
9750
9635
8070
2174
1350
4342
9351
2935
822
8054
3855
3116
94
7545
7254
6854
815
2587
1032
7978
9895
9319
7594
9256
4316
7282
2391
4993
3126
7812
8872
1890
4874
307
3889
1761
352
7982
1208
5267
3430
6308
3441
4615
5693
5662
3525
8003
7905
3103
3377
249
2263
9383
2555
6917
2591
4526
9327
7974
9528
5539
9943
7142
306
2801
5849
1192
4015
4507
4010
1277
5555
4852
8704
5235
2683
3933
870
1099
1434
7308
5464
4837
6365
3845
4366
5322
5440
4200
6694
8118
3914
8678
2042
4304
9636
3217
9872
4999
4103
16
96
2714
6306
7452
1888
292
7851
6458
7116
3155
8013
1076
641
5092
3327
8950
504
5228
2757
6802
1456
8037
9152
497
7620
7123
1473
6631
2923
3074
4492
3921
2239
7822
647
3310
5781
495
1520
6247
3323
3759
5518
28
3568
4248
7792
5181
364
8655
4338
4498
5680
343
8879
4135
5801
1972
1056
8807
3726
1213
4769
5763
457
8141
5445
5711
5459
8758
2640
3722
2295
4018
4242
2121
9960
2935
2644
6287
878
5142
2202
3610
4908
6481
9737
9244
8237
6711
866
9524
9693
1917
8828
9257
7044
9610
3520
5780
7917
8335
4446
8903
885
737
7037
1565
622
3380
8687
1166
8419
8758
7490
5039
9094
5894
7683
7957
4261
2047
3054
6388
9868
6453
7440
4712
7411
2762
6957
4943
6952
7469
3214
8177
8856
5071
8514
9805
646
8372
4757
4913
1086
7683
6334
645
9587
3578
2753
5269
8916
5585
9110
2825
6782
1768
9473
6915
2795
4512
2064
5221
5928
7251
4627
6780
8020
2770
3365
5117
6548
8809
1850
6362
2947
80
1249
7424
5847
1745
6264
4288
9471
2016
7694
217
680
6780
4515
3151
7839
5265
1580
1866
3904
6952
2547
4781
4157
6188
2796
8192
459
1545
514
1965
6646
7010
2447
4948
1029
7983
1066
491
6568
5058
5131
2454
4542
9044
362
1279
4627
449
8790
6530
2486
9709
5393
1479
8392
5185
2776
7420
6720
9334
5777
1710
3500
685
2781
2485
963
232
7629
3418
2917
4585
5936
7333
531
1621
7322
647
7947
67
5105
3728
5084
4887
9265
1678
2296
4262
9471
2852
7415
4726
7227
5954
2904
4484
8958
4791
3747
5681
723
3855
4857
4697
7778
378
9005
9505
2103
8476
6060
1741
8610
4186
2311
5259
4343
8359
1378
6815
8373
7979
7476
7948
276
6877
991
9948
9223
3933
1801
7164
866
1169
1465
6039
7413
9145
830
718
9333
5553
3641
7296
6204
1475
8027
28
3431
7350
3368
6576
7901
7495
2507
5084
9744
4626
1299
7416
4476
5197
7371
7263
6364
2465
6536
3511
5644
8070
9563
1550
8073
4570
3878
19
7524
4590
4219
1741
4597
9213
304
7932
9292
7450
6991
4714
2995
3493
4826
3646
448
89
3180
6253
5655
5557
5274
4717
4891
6629
456
1063
549
2364
7207
4632
7869
7472
6541
804
9733
1379
3517
6136
5670
7753
629
3083
9729
1835
8311
6720
616
6006
7359
458
2005
6464
8579
9212
1447
9801
5800
8668
6830
4794
2977
6995
1276
3646
1379
4821
9787
4777
2548
983
8221
4232
3425
2321
1455
6615
5550
2530
3687
3001
5417
1754
3100
8007
5560
8489
6692
9144
3456
5681
3480
3641
1271
1002
580
7674
4529
1074
2395
1541
4135
2270
7912
7755
6887
1666
319
5341
1668
7481
6545
3684
7421
1938
6510
6589
940
5815
7333
4277
1589
2667
9095
7212
7662
7199
6810
9977
2349
4657
9833
42
2428
1297
777
6438
3162
1729
8566
7090
3804
185
6236
1052
1281
8372
1121
9127
7043
5051
271
1459
4952
3324
6528
952
4600
5655
9218
8463
8970
1492
1946
2749
6567
5092
3092
3965
6640
7298
4520
2809
3946
8438
8217
389
9351
2614
5256
1816
1617
5673
5541
3399
1856
8890
5637
9184
8315
8917
9103
9872
8699
1729
464
7777
2186
4106
5790
5716
7131
4953
7434
9303
9251
8835
142
851
4916
9371
758
1748
7531
4885
4700
7094
6191
4488
3675
8616
1530
6382
5349
5232
1909
8843
1008
4203
7595
7912
6859
8991
927
5563
8046
1423
3306
3429
6495
6665
1868
327
3777
6848
8180
6066
2823
7490
2155
9514
663
4741
8986
8757
4441
434
6924
870
2702
4718
7517
5313
6510
6577
1682
2538
3290
6309
6899
2671
4032
717
8851
7358
9740
287
8544
5124
2299
8112
9446
9284
3339
3770
2302
416
9615
5516
6211
9238
7487
158
9621
7994
2347
6304
9158
7676
3184
9358
6082
7286
915
4098
5788
7909
9499
4294
3716
2241
3883
468
9140
7754
5997
7340
4122
7121
4490
2705
3295
672
9621
5968
3206
6695
824
7454
2272
6404
4581
1293
6908
5486
5839
7099
2861
7870
610
2904
6723
1643
6716
5697
1243
6224
4351
4638
7010
9068
7599
3988
4789
3862
9477
2423
5268
3627
1398
4112
5540
6966
9806
5335
1236
4522
5174
4414
6584
9455
725
3161
177
3943
3026
3245
1837
283
9943
2708
7978
5527
8689
282
9494
2046
9412
6664
5891
251
8875
907
2518
6310
382
751
1790
1232
6588
8125
6449
4683
5175
9038
6274
4744
7200
1771
1919
974
1223
8771
7767
2212
1332
120
7225
8459
1092
9430
3847
4811
7499
5553
9002
6264
120
6506
2063
3393
2582
3965
1374
7510
9374
26
3451
3923
6714
3438
5829
557
1525
718
7644
8375
7438
8864
7393
7697
9499
8197
3285
9822
7817
8391
4163
2769
4242
8715
2633
9012
360
6306
9537
8868
9053
7042
8559
3068
4853
8684
4195
6956
1955
442
1774
1093
640
7703
17
5492
7435
2314
3328
1209
6122
7905
6854
1748
2446
7126
578
1003
2565
64
6016
4809
7208
297
3938
3590
2453
4231
9996
8463
1991
9114
752
3042
4433
7505
7454
7913
6842
1705
653
7264
1249
3106
3495
5332
2482
3648
6238
8986
5297
9451
6764
4986
3347
3539
9065
3814
3325
8069
5494
9578
6884
9762
1654
9234
4579
1634
2188
1810
8602
8516
7678
198
3139
2848
8425
2967
3201
9084
1999
951
6993
1879
6620
5049
3090
1205
4391
7808
6817
1320
9699
2770
8173
4503
3844
5352
6266
7278
750
1861
2929
5169
8201
7648
3092
3886
8546
9088
2574
6254
7755
4724
3641
6008
6355
6556
7370
4643
9760
8471
2295
6949
1992
426
2904
4604
5758
5177
6491
2904
8298
5333
4593
4276
6066
8402
8743
9391
8660
2164
9791
6987
7302
262
1212
6705
1172
3750
5629
7599
1368
7904
3456
4544
1816
6245
3112
3318
9209
7720
9289
5302
3778
1558
4144
2384
8443
911
3312
8105
980
9365
3255
9959
2354
9984
2671
7800
9892
3131
6736
5375
3300
3919
930
173
8168
7897
6849
2488
3976
9803
9033
5322
9531
4540
321
1817
3914
6972
3220
8526
8166
8009
778
7812
7637
3447
2197
9983
8407
8143
375
7703
1255
55
2001
3951
7869
5338
3942
5574
608
8339
7391
9690
1352
7691
3991
9172
7170
7117
1862
4563
4173
5458
9324
2424
3330
5599
4803
6380
1120
6647
9670
4474
853
4573
4960
8348
9977
3226
7885
7973
8099
6311
5646
9624
3935
4280
7752
964
4744
6837
7163
3517
399
262
4240
2279
7901
2075
8700
4337
5717
5269
8882
1548
834
7413
4244
4071
9936
7118
3401
3064
3559
7497
4330
4585
8658
7301
1639
5933
9118
745
5287
6462
6926
8104
5340
4212
7355
1728
5765
8403
3080
1263
6925
2930
8131
5314
9248
6691
2568
4699
14
4484
6624
6654
5512
9313
278
1544
8152
852
7642
8509
5421
3675
8127
7229
1523
4563
2031
8897
6641
9526
6206
984
428
447
7835
3017
8521
6390
7491
788
4128
9532
7616
4937
8748
7748
5151
5892
6911
2988
5231
8724
9778
2455
1605
7735
4953
3881
5357
2916
2869
9214
491
4244
3556
4263
5039
9917
6691
6546
5286
2797
8051
3525
7885
6991
4153
2006
2817
2285
6991
666
4578
1859
4665
3640
1494
1291
4722
8201
3801
5595
7429
4255
6658
7991
1959
7247
3329
2804
4065
9100
4197
2794
1051
2450
2938
708
5620
7419
5599
9640
8766
4945
6502
6541
8663
6865
3204
2830
4658
3064
536
9466
2307
173
5064
1269
4314
3002
5287
4047
1671
6057
7572
3535
5596
6567
1275
6764
7504
8039
2382
3479
4367
8582
8751
3160
6335
870
8068
899
493
329
1245
7783
4358
7948
4529
5859
9874
6685
6804
2229
3562
459
4678
8400
6570
8665
6149
5290
4034
910
402
2160
6710
6924
7649
7158
3637
7146
4842
7294
6711
8800
8236
6083
1952
8527
4305
1844
2657
8667
9757
8216
9022
7159
8480
834
7433
5147
9371
8802
2445
9043
8511
1765
5383
5271
6433
9515
4271
3091
6505
6163
5589
9410
9274
5525
5333
8844
2332
5339
9901
2873
389
1917
6630
3056
8678
5800
6653
2593
1569
4970
8582
9516
2105
2060
1094
5340
3602
6236
8671
1331
7703
4278
9305
5026
378
2367
475
1029
6757
6430
7960
7834
3344
8952
118
780
1708
4390
7435
6336
5564
8340
944
2027
6819
2872
1447
3726
7144
4893
8537
3023
998
7132
5320
1301
8624
5574
2979
3136
8210
7504
4360
3362
338
1644
9603
7246
2357
448
5957
9916
3358
5557
8960
821
2002
2477
4462
417
4183
5586
4818
971
1067
791
2118
2142
800
3278
4675
3055
6277
6390
3647
3590
2848
7229
8257
2953
5991
5754
80
9255
2606
4944
5113
3423
250
8304
8832
8234
9204
2734
1229
4955
5001
9453
9975
9746
303
7354
127
4887
2146
9890
4803
7513
7549
5921
7187
5347
6036
4648
5744
8663
2221
1466
480
5435
4015
4099
1919
9741
4178
1158
5007
4051
2310
4289
208
3027
5168
4159
1370
4860
47
3882
5287
3072
7533
7818
222
4542
6545
6143
9242
3312
5585
3351
8585
398
1924
2124
9088
8732
2549
3933
9420
4935
3860
9879
6867
8728
7
7024
2569
1458
3902
6512
2862
5086
8164
6157
2309
6896
5553
6417
4480
8261
2076
3962
8199
6524
1230
1934
4295
830
8898
6424
3511
2459
5928
8163
1381
2674
8953
322
5599
7933
7380
1738
4190
4151
8711
4941
7949
4587
5402
4340
2471
3706
4181
7224
7982
4024
9969
3117
5784
1604
8812
6555
9140
4578
6710
2810
1403
8439
3449
1641
4609
6193
4565
6779
5658
7376
2265
3599
7705
6564
4542
8187
4868
8788
9533
1125
2899
2024
8897
4749
8456
36
7959
2201
7016
9426
3602
2862
23
7787
3755
5657
3394
1313
1317
728
982
8444
1310
4391
1102
3743
8322
3626
1609
6086
7466
9108
5178
2415
4081
562
9449
3154
1495
7527
5559
382
8223
6805
4478
401
6243
8693
5399
2019
3607
9091
230
5744
9947
3193
4895
8400
3018
1958
8028
7381
5087
4266
9750
9648
6439
1777
9584
4240
8081
89
4980
2473
5042
1442
3589
4589
4406
2274
51
7065
3841
3009
9133
767
5283
5608
5025
2155
7897
6913
3359
3876
8800
6826
588
8417
2997
7404
9778
7637
6936
1475
6084
9352
447
7417
9966
5252
4711
3843
4555
9609
3205
9815
8065
2813
5482
3880
3944
9220
5124
1713
8712
7431
7122
1610
2463
3620
7680
2217
4257
9810
7744
3176
762
9023
2586
6974
9199
1193
6170
6349
7427
9237
9303
2984
8597
2079
6164
5487
6086
1886
400
3736
905
3811
2584
3500
7252
4574
1116
9611
5106
8909
1710
9644
602
1907
7318
5525
6635
7808
9347
3236
5726
2802
6173
4120
9597
4584
3334
639
610
207
1438
6748
5896
9515
8582
3700
7422
7859
1036
6470
6314
586
6405
3061
2858
8470
217
1811
7365
7230
2727
5947
2144
2100
6873
5403
6573
1709
7491
4173
6862
393
6245
5328
775
3332
848
3063
8658
9000
7797
4814
91
8524
9065
4213
2635
3916
1973
8347
4755
3974
8393
4007
9438
351
8464
9477
425
1697
8735
1068
1583
9298
2056
1320
2524
3361
2795
7145
9667
1839
6155
5576
9051
9607
30
624
1508
2315
2686
4928
3111
2509
2494
5980
6604
8231
6726
6155
3909
8472
2239
4337
7896
6540
2186
3433
7226
8758
3722
222
9238
9452
3922
790
7004
959
9097
8092
3287
1430
3082
7832
2551
1270
6776
5581
8621
7760
5279
2912
5877
5127
1878
4784
2509
8252
5312
3445
6980
6952
1025
4553
4254
997
2286
9806
1972
8922
2141
7579
7160
6177
8252
310
6118
358
6669
6911
5366
334
7023
5847
4045
3777
6120
3260
3763
358
5486
5442
3632
2746
4197
7791
8480
2797
7602
3091
6998
6249
2414
4705
8812
6303
4807
4319
3688
7568
9616
3894
2202
9909
9977
5382
3649
5627
9369
1834
5998
8750
9991
6371
8305
6673
3769
6451
8655
8071
4851
2633
5749
4898
1169
1764
7142
4582
6784
9765
5424
4456
3606
2486
9741
8440
4626
1472
8406
9160
5438
9470
5713
72
7937
5852
5051
640
1233
3067
7840
8201
8917
8180
5111
4328
4841
6918
9915
984
490
1342
132
2499
4882
3570
7989
4717
126
3562
6414
2189
3898
1083
3233
4808
334
5553
3137
8235
3777
3049
2295
2629
236
9256
9855
4448
9674
4171
4063
6554
2571
7596
8695
2116
6920
9310
4243
3558
7552
9110
8238
9324
321
4758
5089
2738
9971
1462
9673
4215
6478
8753
2087
9361
155
5594
8768
429
1144
1337
3029
1376
7141
1109
525
8016
3180
3967
1742
4888
5534
3337
58
2364
1159
2338
4742
2585
4659
2896
5462
4056
5531
680
1588
9631
7832
7932
2048
2163
9880
6066
7953
1295
605
1724
2394
1178
3571
9113
1111
6695
4810
7416
5351
3390
1697
3589
4963
5795
4740
3713
9436
2688
12
2098
6275
340
6021
3716
962
5719
9677
4474
6840
8857
7303
9254
1218
5270
3183
480
5397
5159
6121
6118
5287
9849
7698
6561
7485
34
2200
3663
8079
7893
9141
3634
1432
7140
1111
5733
9722
7421
4715
6886
7438
178
6615
7349
8281
5113
7319
3799
3178
2444
2430
7559
2127
4222
4591
5994
6328
2236
3108
2061
3427
3691
2539
3054
4326
1507
8401
2947
4220
1815
8870
9818
6342
1440
1712
1310
115
6054
4188
3219
1738
4106
7183
1455
4980
4739
5066
1573
5558
9475
6252
8895
8764
2165
8001
9591
2882
7653
3385
3458
5676
8747
5171
490
2757
6022
3416
9894
5412
9858
8628
472
2922
8069
5134
6771
8680
6091
4089
5158
2494
5868
3204
5434
2078
1511
6604
5236
3231
8958
2049
5063
1965
541
6405
9465
7534
4791
5697
3760
2240
8800
7826
2969
2557
7681
976
4229
4912
4827
7727
5985
6402
5419
5535
2384
5325
8054
2750
1511
6466
7633
7054
6052
7637
1936
9521
4876
4166
5145
879
2384
9403
1684
1834
9131
9864
6209
8777
1867
3745
8534
465
6729
5222
2772
2642
3782
1453
837
3309
6853
1694
3220
7523
1855
7015
2024
1177
4774
7760
1566
4600
8682
9049
8195
9745
9810
3263
7435
1917
5448
4701
385
7154
1187
6975
7083
7409
1265
3586
1944
9804
4897
9928
2425
5654
7451
7751
1642
6147
8365
5025
3868
8702
4674
8014
448
9577
8705
2389
257
5599
4624
954
8543
2502
3634
4593
2036
848
420
3857
9524
8064
2544
6163
6854
5049
3612
2058
4521
6050
770
5068
2485
8358
8509
5822
9360
9497
3597
8399
2233
9988
1255
7643
2692
6145
4396
1791
9922
8226
6579
2508
9117
8908
4214
532
7613
4113
8230
5682
9434
6347
3980
8374
7806
3604
6301
6830
5510
9906
7385
1424
8885
5792
7121
6019
837
6200
6274
4254
9979
3101
5394
3000
7813
6420
8838
6702
4035
2930
397
9972
8800
3536
4973
4835
2907
508
4264
8208
5638
4986
2650
780
4650
8711
2850
3480
645
7454
9771
9969
5377
2963
5686
3865
242
1724
4677
166
6700
736
7814
8980
6399
3575
970
9957
9376
1218
1185
4777
933
9828
5076
3273
7836
3629
9887
7660
9992
5335
3753
2173
7178
6441
593
2788
2920
8937
5111
3904
9980
4990
7892
4246
732
9428
9030
1891
5729
2825
1196
2381
8246
5940
1467
1544
863
5781
27
69
9347
8983
7745
1445
1528
9282
9241
5675
5018
7566
495
3935
6999
5634
3002
3550
7482
4425
1959
8511
674
1462
8653
6225
1342
5182
9202
528
8983
852
7178
7430
9834
227
5894
7710
3696
3780
353
1603
9132
6959
866
5767
6001
2702
9550
3008
8446
8412
7614
1677
7078
8861
9785
2471
4944
3831
7582
4754
5224
6510
5616
9731
304
2478
797
6795
3718
1569
4493
9105
483
1920
5780
8973
9134
70
7412
305
4155
2400
4530
3314
8211
4961
6322
8324
8000
8722
6146
4837
9349
9223
6945
2463
7385
9180
1706
4193
2398
3390
8385
1975
578
6598
7576
901
1697
3504
3326
323
1205
6010
4581
6898
5499
2168
494
7133
8803
820
8403
4683
9268
8994
849
4624
4537
1362
5424
675
4332
8703
6785
9131
8366
3188
7315
7570
3808
3886
9121
1099
8689
7069
1020
8064
2212
244
2944
3044
5676
863
5365
5176
2936
196
9829
2665
4085
6371
6869
4166
8708
5783
209
6687
4090
5390
7785
873
5357
6517
242
2046
2034
5885
1802
1441
1360
842
4716
559
1408
4201
5308
3185
7172
6673
1631
3038
2849
6787
6090
7117
4298
860
8326
569
9690
3849
3645
4973
7726
3017
1940
862
5949
6958
8276
4840
6820
1981
5814
8224
1362
5942
3467
5145
5213
237
5413
8803
4272
6870
6726
3789
1282
7728
9203
7563
2851
6344
8772
5235
3509
8222
5643
8001
3013
9140
2686
4266
564
2035
8642
3581
743
6232
6886
8805
3879
1676
9370
7532
1574
2705
907
2090
7391
3576
1516
4203
3944
7263
3313
1758
6647
1575
4875
4409
430
3236
1163
9802
6628
7310
9093
9545
2962
9381
4739
5769
8535
9617
9394
2461
4568
6359
6541
9911
5351
6359
8965
1515
8382
9122
7130
4755
3144
8106
5000
9660
5133
9809
1888
2445
4840
4675
9682
4743
7975
8640
6628
5032
495
8257
5426
9402
201
6444
9170
8728
2748
3667
8594
4641
6456
3366
1184
4277
1372
8361
7926
2284
4341
784
3201
1686
7764
7654
3036
1645
7131
4829
7054
3670
5747
6720
9900
3255
4189
3509
9020
1698
4275
6910
2135
9392
1418
4030
602
2857
7559
9816
1578
2383
8123
3139
6065
3226
8220
4043
265
5934
4465
625
1636
1224
9769
8914
6470
408
8009
9253
8863
2665
865
8765
7737
6379
2089
1758
9450
7906
2621
8061
9734
9271
7410
6400
7301
4732
1780
7813
4140
3677
733
3151
1387
290
132
7850
4595
9665
3456
5040
8145
1424
2952
7700
1883
200
2072
3259
9893
3381
2290
5930
9472
6682
9422
3035
1
1601
7263
8073
2570
7040
1316
2363
6727
2695
5080
1406
6166
4598
8919
5994
5076
2732
2525
470
7232
1722
6204
5704
5775
4853
9657
3237
2491
7594
6788
9942
9176
7245
323
1371
7957
8602
7674
6794
6027
1884
8136
6064
9766
1723
4977
872
7708
6032
6596
6041
654
7189
8072
2105
6923
2903
1832
6336
7691
4045
9479
6631
1887
1491
2194
3759
371
7999
9025
4958
2140
4404
7738
1285
1540
916
898
6573
1215
6225
7568
6655
3401
5020
5712
5154
1534
47
7121
2751
469
902
1388
3409
6250
9047
3553
9849
2006
6098
9472
5197
6974
5028
7488
4560
5605
9078
335
5597
5087
6098
5975
6813
7139
1189
6617
280
3867
3968
105
1176
4075
2857
7014
3561
1276
4190
6116
8924
6532
5273
7096
235
1348
31
7791
3447
5534
4963
8987
9212
1008
6968
108
6439
5649
4179
3623
2574
5431
1710
5349
2877
403
2809
3610
8369
9242
8220
7583
8989
5008
3559
9455
4634
8435
7626
812
1932
3473
2800
395
8975
7943
1110
1666
9376
7784
1226
3628
3064
4182
9231
6295
5651
9312
7804
1675
9647
5239
5028
4326
448
2223
4784
5512
8864
6943
9384
3161
6484
6020
1666
6530
3833
7896
513
7359
6077
6219
4958
1918
7787
4507
3668
7268
3902
8198
5541
5501
3350
9257
3082
3773
2441
1491
2712
8680
6256
4235
702
2859
3730
9354
9867
9221
2063
3479
1068
165
7026
4638
9683
6481
4442
6172
6515
3488
7490
9161
3032
181
9755
5442
6340
888
6923
6097
211
1586
2927
8380
2944
4966
5116
9367
8864
2727
7027
8855
3084
1145
6707
1653
7005
1576
1033
4042
8560
543
4002
3837
6649
8662
3905
4838
7107
1643
811
1086
2437
6539
9647
8246
1233
8653
4948
2000
3958
7148
1291
6957
4533
9967
2900
7748
5680
9543
4668
1244
1134
2692
1683
8406
5260
6212
1548
6122
6893
7881
8701
6285
4098
9606
1270
5228
9205
4838
6367
3975
863
5689
906
2909
5082
7739
1112
6127
9040
2675
1528
4980
8322
757
8489
857
2997
2228
9120
9938
8262
9992
6229
6850
5326
8503
5400
4915
4001
2548
705
3746
2705
5585
1829
74
5695
449
2324
9419
3825
5215
9696
4839
4527
6005
5320
313
520
3914
5570
2050
8449
3802
6023
3281
1629
7747
2135
2142
4697
3962
4766
7428
3838
5464
9087
3129
1721
9301
7884
2043
6711
8127
4104
2008
4762
4567
6451
5786
3081
952
8101
3741
9267
7045
3222
6254
7860
3965
9545
7874
1664
1838
7849
1297
4908
5555
6316
4829
3308
5179
420
8435
5767
6696
8804
3676
1238
9744
9552
7936
9100
9476
829
1976
4304
4635
7239
9982
3557
4010
7505
6643
442
2082
3047
3741
7565
4326
3584
8731
6603
8247
9072
4231
547
2782
9593
9159
920
7413
65
4847
5
5010
1822
3158
9706
7985
4158
1331
3253
6749
6196
4997
188
347
2876
2956
3127
4324
864
199
9579
8972
2627
6955
5360
5315
4906
4044
3844
5800
8955
3515
5048
5653
3053
2060
1320
7723
2415
5587
7208
9547
3092
3211
3802
253
1884
451
2652
6209
863
9845
3231
2400
7922
8723
1986
861
4235
6064
4284
2958
6577
7113
2921
5313
6029
9886
1756
5981
6541
7969
754
4774
1911
9770
6279
2924
5355
6644
5554
1169
1969
536
7275
6677
6961
8452
7454
4304
4001
8983
4455
6587
6265
8907
8348
1515
9394
2912
8410
1019
1485
6513
5832
69
7217
1941
4872
8972
1468
1333
8684
7881
4202
8725
6757
5649
3891
7024
3974
3247
6351
1732
103
3571
7685
7495
5477
7030
3153
2965
471
7897
3923
5047
3964
4153
6516
9938
3696
2737
4020
9897
9486
4077
8927
1231
4094
5702
6238
3725
1231
654
9
5692
9712
9978
9914
3152
5305
551
1213
9426
5927
4186
1571
8472
484
1816
726
1762
4740
9919
4951
2612
443
9263
4275
8107
9213
2217
1268
8462
5294
8498
5812
9923
887
6179
636
6314
842
5777
554
6714
397
4436
2193
8262
1010
5270
1178
7996
4263
8410
5673
8762
5833
9094
5274
1773
7940
5678
394
1479
5413
5182
6994
4540
2224
4324
5998
138
1725
9544
6012
6002
429
617
2368
2855
251
9382
9589
914
3710
5093
909
2911
2475
4659
6041
4248
6599
2793
1412
5340
1097
199
7945
3804
3310
6336
6598
4114
4807
4721
6152
1470
8621
6735
6901
5678
5636
7756
5513
8953
1549
5030
6744
3272
4549
8844
5731
5937
9467
5518
6885
9810
5183
8096
1229
4647
5622
5210
4934
7176
9594
8495
7585
3617
6846
6712
1636
9695
1503
4445
6636
1044
4086
8495
4014
5880
3483
3957
1148
8044
7827
9680
6851
9003
8121
7917
2128
448
3307
5895
9123
3870
1563
4487
4843
6992
2262
8329
9617
9726
3666
2044
2081
4408
5456
8517
9427
8162
1777
1008
9464
7485
5540
437
1184
4141
5565
4531
5240
7420
9586
6764
2544
5306
4783
4028
4235
7807
7769
9366
656
3167
751
7181
445
5865
2925
733
267
6428
10
4740
300
8951
9042
8400
7233
5867
2574
4613
4808
5422
1966
7963
7043
463
5112
3842
1364
7729
3354
3571
7892
8231
4156
8869
4371
8490
4081
1161
5065
8282
7100
4066
8859
5006
896
4356
9001
7705
4767
9112
2645
3964
372
4825
3006
6050
140
1134
8042
3915
1086
8836
8706
1785
3020
3176
9847
8017
289
3470
3138
3422
9018
9904
7481
632
8034
1014
2414
4363
7990
1183
7089
4648
7863
986
3814
7413
5917
5075
8529
4401
5448
8717
7086
6344
1330
2648
2173
8351
7425
6048
5754
317
7113
5842
1899
1207
2477
6987
4018
4950
8437
5198
9426
5030
4956
1026
9999
5422
1377
9350
8558
9607
3805
2642
4939
3962
6532
3947
9226
2251
7476
322
2389
6796
6907
651
3204
351
4037
9557
3882
92
3186
282
1468
2571
7606
2820
3180
5343
3194
3802
6516
4736
5729
3926
5807
3042
2021
3749
3281
8279
3775
8890
9558
5438
9893
5535
872
8630
1981
761
6522
5731
1184
2214
6945
123
1498
8598
1475
4270
8334
788
5655
8288
5158
9311
5628
9093
6552
8393
8374
5879
9797
7723
5683
5719
4987
8627
6907
1038
6666
1179
614
7294
7347
4455
4887
9498
1755
171
2102
9726
688
4278
5628
524
6147
6175
9559
6773
7667
4507
2445
7425
5243
6168
6638
4603
9457
8682
3874
6299
1199
3391
2961
4065
1710
2944
8689
3051
9902
5574
4394
467
4451
2727
9638
8040
4954
6812
5028
3992
4601
8784
5147
6615
9332
343
2875
238
4795
4392
272
6019
7537
1513
1376
2176
9799
5429
8116
643
6247
9069
9187
1170
9837
9272
8217
9240
2895
4024
710
4592
8990
1563
8547
5741
8676
3242
2640
8564
301
66
2633
5383
7203
9324
8167
8735
1697
9163
5106
3669
457
7010
8612
8365
9041
3823
4969
8623
1207
7304
6339
5795
9526
385
7145
2009
6833
3783
9455
1266
3500
5035
2257
4798
2794
4478
9706
8099
4224
1366
6161
6230
4728
4378
3090
2154
8323
8960
3403
1970
7478
7760
6669
3284
7109
3701
1730
829
6669
8912
3950
9467
6378
6856
4893
6714
5865
6834
380
8462
7224
2520
2180
8906
5274
1769
9793
1867
9398
1230
5858
4933
2207
6324
4393
7528
3135
8331
657
2765
2652
9114
5359
7699
7516
8108
8832
6912
8437
5579
7090
7894
5661
6087
2176
8725
864
6563
7237
1974
7760
3565
5282
2395
3415
6936
3562
4913
6392
8712
7802
2047
1235
8057
1958
7262
2871
5228
4063
164
4401
9534
3536
1502
9475
8343
7144
2682
6048
5628
5122
9358
5844
8626
1807
5017
6785
9488
3846
6468
6740
6367
8754
5893
9525
5505
2937
9984
557
5531
7132
6697
1026
2592
8826
7226
3838
3691
7808
6509
1550
9368
5579
712
6774
4080
5822
4659
5618
1392
703
7878
7399
8469
6379
1891
3815
8021
6490
9485
7939
2493
9773
5748
1180
2467
7636
878
2578
5639
2524
2404
7325
5419
1685
2246
5658
2460
434
5228
5501
5259
42
6954
4021
2845
8411
7006
3565
3883
4894
954
2718
6647
7829
7208
6594
6220
4561
8863
2003
7712
8113
1185
2930
5705
4548
1406
6868
1192
5840
3225
2438
3319
2443
1588
6962
5851
1574
5578
2666
9430
3785
1257
2672
2844
5705
5771
6440
8271
1094
4863
7893
5433
3682
3417
1488
3013
3068
770
1704
9915
5786
8301
7331
8886
9973
3272
2098
5748
6782
6251
626
8681
6783
2976
7647
8544
5708
4111
4115
3424
6791
436
7484
262
8195
5775
4492
1749
2401
6792
5562
9719
7830
8109
4166
7406
9054
5690
3897
4347
1017
3300
1034
746
1619
8770
4653
4952
9266
3160
8519
9554
232
1329
28
6236
3736
7320
4793
2107
5910
7075
7374
1568
2039
7629
3491
9825
4024
5231
3515
5109
7434
8778
4534
8731
1354
611
2512
9992
4799
5883
2599
3547
7821
5130
5994
8559
6294
2904
5020
5468
9472
6952
2200
9354
7954
8321
4191
4724
6760
6569
7260
5861
8502
2576
1785
4561
7352
6519
1499
6834
3944
5436
9095
3246
1561
6403
7544
2321
1168
5538
6889
509
5619
7433
7852
2122
4585
5276
6893
1019
6049
2878
6433
6207
207
9788
1752
4480
49
9587
641
5340
5248
479
1789
5358
81
2209
8603
6697
7787
9419
403
5248
2867
6923
9262
6340
1507
5267
5682
8346
5849
4753
236
6728
3755
5040
8342
333
3113
8969
1784
3386
3515
5815
3002
321
4041
2406
9847
2904
7385
3927
7726
506
1107
6195
6882
1114
4609
9017
8738
5445
2354
9302
194
3811
9277
9536
5896
7065
7411
1279
8723
4879
3917
4648
9316
5817
3029
3992
2337
1300
912
1801
7759
9423
6776
2532
4589
2387
6728
1667
9984
6224
9825
6881
7512
5461
2442
3313
1137
1547
9188
2312
4869
367
3515
760
831
1851
2248
218
2427
2240
4387
7350
8089
2034
1382
6194
801
4656
4701
293
608
5454
3594
4471
4640
9905
6725
9255
2342
4646
1696
7160
9508
1503
6728
6889
5935
8939
9879
6448
6267
9713
9895
5314
482
9433
4401
6177
3571
1815
3987
3138
2407
7813
8992
346
8159
1531
4114
3269
2138
1230
1979
3491
7299
114
9976
3856
5974
6093
7750
4446
9219
8746
511
6928
8203
9463
3053
8165
9831
8908
8911
9552
1129
5607
3817
3504
202
8808
3237
1633
1986
2358
5576
6862
9894
61
8384
6832
3547
4629
6329
7048
3928
4640
9791
5829
7834
1999
7389
2723
5906
5953
2228
8928
6105
2426
5895
8028
1315
4940
3091
2732
4065
7284
2860
4603
2688
995
2723
6942
816
2711
6804
7618
3311
566
5323
1029
4675
9287
1446
9325
3942
3517
1126
3193
9883
192
1359
4098
2688
2265
3503
3149
7548
5882
3163
1744
1799
440
1941
2718
2265
1127
9114
9889
4890
2400
5895
3507
5465
2337
9580
5225
4201
8449
7273
5325
8741
7550
6261
1110
2643
2229
2829
1910
390
6174
7017
3744
7118
4945
5930
7699
7483
3448
3552
9880
191
163
1784
692
1873
7794
5347
970
2317
5155
8705
7088
4952
9768
1596
268
5202
852
626
7196
2804
2402
5242
2079
1129
8737
5767
5314
265
5664
4666
6315
4401
5746
5953
9148
3182
8158
6382
8996
663
551
4691
7272
8187
1858
8969
1049
1839
6121
9440
2978
4490
9147
2369
2177
9084
509
5951
8015
5864
66
9548
5950
2979
2658
2023
1502
8805
7882
5474
5227
92
6431
5394
4535
1359
5920
2369
6192
2864
4536
1453
1885
5307
461
819
7850
5067
2168
4118
8157
908
8737
441
8213
6779
3942
3149
3343
9993
7415
5875
3748
8478
1890
4387
7250
1019
1702
4229
2452
3624
7814
3421
4225
6060
5036
1044
7007
9418
3143
7345
5153
4296
4002
5126
9348
6683
3058
4023
4482
9615
2188
9157
4481
595
7601
2313
1468
1377
5032
7612
6235
9386
3206
9170
4177
8256
6396
8776
4114
6509
1116
7683
8703
7937
6585
9047
5872
7833
6459
3785
7356
7354
4124
5420
7592
6670
7586
1639
5066
3685
6761
2664
4984
6124
6684
402
8626
8443
8304
1074
1929
9416
3726
8880
1130
3050
8026
9808
235
5128
3716
3815
3441
1343
3499
635
3596
7554
9
6212
8128
7500
3103
1903
1568
785
813
1393
9384
1522
3310
295
4567
4000
5870
8684
6743
9015
3641
5045
395
2780
4882
4806
7749
8738
636
935
6545
6005
857
2705
9505
937
252
4371
6309
6525
765
8353
8054
3225
25
3339
1728
2583
6098
1388
7466
7790
5018
3737
2403
7976
1624
5753
4043
8134
4293
4852
7515
7274
5030
1476
2450
4577
6758
8616
9309
2019
2318
3640
8065
2515
3796
7746
5080
2578
4142
547
4678
6400
3185
5361
7031
2242
5723
3301
5432
8351
2584
8038
1166
6628
4645
4848
5350
4360
47
8068
4874
5737
9079
5561
973
9381
7748
6848
6740
8229
1045
8293
2736
3940
4962
1665
9292
429
2157
7468
4735
8930
4379
1344
4367
6313
1225
1962
8963
7313
3532
9945
8130
7938
2361
9256
1005
5378
3566
824
854
9188
5979
7526
5052
7707
2560
8861
4820
237
501
4084
1173
5235
9328
1384
1536
3900
2406
4708
9563
8032
8817
3740
2792
7634
426
6954
1990
1455
68
6687
6340
452
9301
1643
6445
8316
1089
2568
4565
1126
8196
7377
3182
8917
2268
8096
4887
7377
8753
7524
4946
5162
2002
3233
8417
1741
3086
8354
4284
2864
6811
1721
9073
8055
3110
9847
760
6649
3767
5880
9042
8348
2144
901
2014
1100
3427
5741
3959
9739
8861
157
3773
643
627
6316
575
8375
5655
8500
562
8775
6551
4650
9825
7202
5474
9055
3809
5318
7752
7343
1839
6371
285
5110
3480
5517
6521
2658
1940
2336
8223
9572
1152
3422
4712
9168
8743
2340
1932
8612
2429
7227
8956
7686
6120
4266
4734
7861
7115
3736
6854
7729
2688
8239
2430
5015
9409
5308
5618
8101
2226
2051
5306
9548
9583
5808
197
8371
5358
2872
4622
2519
1425
2750
4126
9952
9018
5681
2062
6975
5099
4034
8390
1060
9785
7156
2983
5436
9004
2476
5170
1480
3526
8184
8819
233
5197
6300
2013
3591
4215
8167
1283
9696
1665
3108
192
1661
2876
29
5988
2656
3060
8841
5164
6298
9790
358
1021
3642
174
1826
700
9632
3442
6947
8541
2687
2879
6823
4022
1040
4758
405
1231
4851
5122
1426
600
5329
9088
4048
3302
8509
3196
5313
5228
6137
8148
4265
5907
4036
7803
4033
4422
1905
7772
8232
860
675
4105
2660
6818
6564
7471
2838
4436
2229
8535
2012
6408
4784
3756
4672
1912
4745
468
1021
4074
1731
8718
1921
9325
3070
9286
7790
7042
5966
1111
5531
1653
8264
5422
2456
1462
8549
7862
5742
7625
5641
9318
4149
2870
2285
2979
9583
7373
3096
6515
689
1770
1004
3856
8066
1088
6077
8084
9068
3558
620
471
6240
8331
2098
4115
790
8375
2360
8848
2546
6127
7683
385
3361
9140
2493
8425
6371
4089
6494
1643
6547
1712
1962
8270
4737
5008
7156
3465
3232
6996
2864
2784
7003
3827
2997
5579
4467
9447
1
9023
9284
1052
1975
8444
6998
503
6308
2291
2222
5713
9808
8385
5876
4319
6863
7916
848
3007
1927
9208
5214
6273
1131
5543
9440
5151
5878
6811
5970
3435
1300
3801
5305
1268
1882
396
5397
6436
3446
8067
8438
2792
6289
5976
8666
4109
464
910
420
4836
7674
5798
2409
8225
1844
4030
9027
3894
3592
1735
3336
8215
3972
5265
821
9882
8607
3189
5620
237
9350
1647
1838
3395
9669
9094
2329
6300
8177
2409
5729
5072
258
6167
2117
2936
2141
8043
6249
9530
5439
754
2601
8207
5207
3003
9357
2
9418
6251
6167
983
1914
9865
169
6389
1840
5628
4756
9505
9366
5279
3692
1145
7345
5742
8871
5946
5916
1553
3604
1023
5008
4850
8552
5014
1183
7307
7043
3232
9712
8321
6145
2325
516
1399
4413
8514
9015
8849
3504
5249
8546
6502
3527
8770
4766
6048
83
9163
8739
1860
297
8409
4574
6728
8057
4050
8241
1590
2348
8265
2628
8748
839
7389
6761
6860
2253
6127
9821
9415
5200
8974
906
305
8471
976
2010
6385
7804
8783
678
8984
5612
2797
589
2747
9809
8966
9968
3390
9821
3281
2378
7647
3484
9570
3068
8412
3036
607
934
7187
2841
717
5730
7028
2545
1030
2619
1636
6102
3545
715
1841
4434
6351
3025
2957
7588
1253
6065
2025
1560
1019
2422
527
6277
8488
4723
4252
2144
199
999
3960
5071
6194
4142
3187
4887
713
6420
5454
4678
127
6340
1827
7805
9618
2159
4499
4533
7525
8073
6586
947
4955
1949
9072
2182
5490
7888
5998
8604
4698
3971
2219
1716
7681
8402
5507
95
5196
3945
1459
3376
9811
2870
6019
3874
8154
3802
4064
2697
2904
5802
581
2208
3686
9906
8277
2066
6197
3912
9320
356
1164
7102
9408
3887
8957
7281
1686
8011
7043
7295
2518
3063
2171
6181
7780
6582
9067
7382
6537
7251
3987
2648
8686
6837
5471
3689
5972
189
2470
5007
9229
5340
594
8220
8218
9378
2620
7584
5010
337
3859
3049
3452
1872
8265
2453
506
1083
4154
5176
6226
6920
1434
4185
2969
4900
5450
9030
574
7724
599
9864
7665
2248
9135
2370
2398
2769
7120
1747
2986
3987
7071
9995
1817
8750
1794
5802
6201
7863
8491
6275
5214
3531
1313
1167
9339
4147
2204
4542
9482
4370
9869
4297
344
620
4168
8563
8576
7185
7807
7934
1714
5863
7068
7833
4944
6966
2474
5751
4357
5340
9137
3467
7954
4273
2428
4879
8054
6709
4281
2868
5562
2853
6268
9924
1302
1548
5616
2243
6307
6966
523
3508
9694
5184
2045
1640
8582
2091
69
6113
7554
1168
5776
5796
5682
237
6863
3245
6224
6301
5939
9325
1698
5030
8584
718
9536
7724
363
3399
6028
9427
5562
6410
2771
3713
4278
6491
9086
4530
647
5596
5477
4853
1341
1331
1665
8612
6638
7517
5308
5857
9344
7963
2376
8059
8581
8411
8616
4912
8382
4850
6047
2940
526
852
7699
8960
6460
5014
5454
9358
5380
8059
5649
9889
3755
5483
1684
6697
8044
1490
7902
4580
5028
6068
7086
4184
3687
1294
2180
8428
1708
2536
9327
5863
8956
7270
3204
6080
1682
6046
6663
2340
6032
9780
9066
854
4958
4256
8047
8497
3855
5889
7643
1913
7858
6075
5241
448
1873
7292
5095
9028
6330
8813
3777
3669
3400
244
9529
2885
4557
9862
2512
8792
9342
7433
9716
2730
4571
7511
1669
8672
1577
9742
1221
8230
3166
2277
204
1096
4457
3129
3205
2988
2203
9510
3401
588
6950
673
198
6258
448
866
3403
1453
5524
8495
1699
3424
3669
4323
5803
9193
4864
9757
3394
5950
7437
8597
2124
7315
1217
6009
2402
649
2532
1158
8234
256
7338
4978
9439
4381
5840
9558
7277
2839
5396
1417
2123
2155
5905
4968
5941
4048
1910
5746
6932
5621
7266
4799
1645
9542
7903
3152
739
6445
4952
353
8793
7348
5975
9499
1816
8473
4111
7495
905
379
1891
9165
8896
5521
498
9338
5142
4890
6192
4864
7329
671
3010
5527
7954
756
8757
8433
8234
109
3611
7755
1322
9053
6723
2864
4006
7770
1508
2344
2917
1437
7366
1581
7815
3061
1757
9278
7299
9451
1362
2972
684
5232
2464
6962
4880
1522
6968
7825
8653
3949
1522
9625
7296
4815
1488
4372
9467
244
1344
3229
1186
2880
5151
5710
3731
3339
4932
8423
288
1590
5776
1978
4457
635
4640
1714
4154
5891
956
8164
6271
354
3680
1294
3856
5100
964
7645
4573
9387
2745
4410
7367
664
819
1300
7368
343
5902
297
4480
6943
3070
3357
1405
4982
8167
8510
9430
4588
6821
7550
3796
782
4105
2767
382
6427
6785
413
4799
4851
4227
68
6726
4778
8374
6963
6218
6748
2716
5800
1960
203
5888
5083
5562
3268
4376
3063
8278
6352
8519
7315
5152
7814
6482
9902
3981
3774
588
1209
8725
9152
8033
9310
2420
4202
8044
7870
6493
5744
7205
6377
155
6110
7546
3654
3174
5049
2184
9027
4126
84
1238
4550
8600
3151
350
3953
3138
8313
26
1380
6691
118
4727
2285
484
4523
3592
2346
6454
8774
3978
2671
9006
5851
5087
7779
3780
3610
9546
6485
3476
1628
6406
6332
4718
5963
6562
1403
6496
9697
5197
2244
6318
217
5962
1923
5611
2866
2992
5403
6327
1842
3137
879
7957
9751
2853
5398
9080
5369
354
6993
1161
4059
6122
7209
2840
4496
1809
6625
2636
6490
4874
9195
920
8109
1965
4086
6829
8178
4967
4821
3126
1384
4845
4587
8244
901
1214
466
4662
1739
6021
6988
7252
4373
9224
9200
5992
3424
7824
3894
394
215
3141
7566
1015
3302
2612
634
3837
7888
784
4171
9350
3292
1379
2297
3246
5082
6639
4029
4914
7572
742
5976
3879
5567
1362
3431
772
9057
9778
462
7342
7548
9345
720
7086
1272
1460
2657
6080
8159
976
1091
4827
8674
918
7036
8728
7978
5165
9513
6337
4760
1450
1212
55
9581
8477
9552
8304
6645
6523
5341
9067
8830
4948
6247
9905
7224
1601
8529
5178
9572
9068
5327
4201
3710
6107
2473
4661
6791
7194
3387
7557
9723
500
9977
888
8466
7118
1392
4718
3650
4624
2792
3654
257
33
6405
9284
1128
9757
4813
1854
995
9414
964
9444
8132
9893
1938
2475
2936
7467
6263
580
2402
6696
1877
3965
1827
7079
2283
1907
6187
8820
3282
1554
6856
2123
2767
1452
7757
9631
1049
7169
2399
1107
6661
5185
9561
2360
6782
4827
879
8244
6656
4145
79
939
3331
6491
4243
1965
3780
7668
3059
2508
1039
6196
8200
1015
7129
2971
3531
776
4698
6487
5996
5991
200
7299
111
2265
2222
7036
4288
5769
731
9264
4471
6432
7607
1349
4503
180
545
3412
8512
1131
7187
9040
8676
7802
4727
9639
5527
5662
9955
2211
9967
7206
3615
9853
1563
7675
1463
3856
4944
8189
3628
1333
4590
9052
3285
4864
3874
2896
2132
4102
4453
2885
8659
4426
1313
8966
6428
9219
3779
5092
4024
6554
9436
2916
9935
597
6449
3075
1086
5212
2467
4054
6087
7253
5577
6866
3794
784
2537
3396
2834
9281
5861
9503
8098
1573
8866
4672
5117
5506
3860
3695
9965
368
166
1380
1452
1278
2294
7460
3750
9043
7628
5783
4288
7234
1546
4278
4433
5017
3295
4342
2078
6310
7430
5292
6708
6501
348
3884
1870
6235
8159
9058
6999
3768
449
2972
2297
2861
3532
3490
6644
5802
2959
2899
3226
5266
6167
7213
9655
3886
7913
8169
2750
1194
7163
7201
110
7328
2930
158
1859
8655
8502
1058
89
2951
5586
3663
4444
9220
232
1154
8315
2901
7889
1184
5194
1560
3602
6443
7702
5844
5322
9056
6676
1490
9320
433
659
7720
7529
6026
2752
3555
5471
4834
1575
1377
7037
9920
1527
3849
1791
727
175
679
7398
1456
5316
6360
5425
2082
1860
3998
2455
6273
8725
2320
3377
9552
9127
1970
7061
9812
1896
2364
2828
9366
4790
1737
2277
1428
7983
6927
3779
1190
9220
3861
1681
7112
6780
9382
7894
1640
4725
4801
9652
6254
5365
6250
1514
5139
3790
801
1897
7519
592
9037
3107
8755
665
7828
5679
7104
6951
4457
6121
6050
830
1827
2039
7644
8661
614
6023
5585
9771
7553
580
8892
2903
8147
1991
2413
5229
8922
9881
673
2556
3274
3846
4636
9844
726
9278
694
9717
8718
4422
9215
1842
4245
5883
9024
6021
3101
3542
6464
6892
5601
2955
4319
1825
4719
2124
6227
9479
609
1786
8412
4064
1223
3099
4950
8859
402
9031
6971
8635
6175
2620
978
1123
6590
802
9256
2718
7085
3305
9193
9003
934
1198
6603
3637
931
6077
3432
2304
5961
5792
1894
5583
9272
5589
68
8979
7997
8253
211
9710
4017
3393
8638
8406
1842
8559
2552
1909
732
2643
1249
7900
9652
4353
7124
2872
8385
494
5392
1821
9911
4702
113
4959
865
3671
9994
9119
7994
9253
562
5826
5097
2583
5352
7102
4775
3687
5972
1021
6669
5511
7675
372
2718
8647
2030
5245
5055
1427
5040
6833
15
4888
8162
5858
2759
8823
9741
6963
4831
3090
3643
4347
5001
4900
3619
2670
4303
3774
3743
892
6996
3243
588
1798
2873
5444
1261
7322
4271
7088
4075
1632
7812
9859
5965
2236
6060
4408
8480
4020
6573
3881
2500
3484
8615
5659
771
3901
1134
7990
1343
3844
9526
9378
2422
1638
3305
2766
8004
2337
6007
2025
6598
2046
1931
6371
4854
2659
1302
7086
5112
9013
9387
2174
6432
202
3270
959
3437
9996
2538
4614
86
3226
9781
2160
9344
3833
9778
438
1481
8471
5658
6178
996
7008
8152
4347
9217
6985
4648
7740
312
6970
9195
3684
5010
5257
2202
2966
4133
1265
6996
5840
1226
8242
5175
9352
8268
33
2631
4354
9342
1392
5805
2655
6505
8537
4046
1104
8690
9267
9078
5512
2293
9351
3058
5343
6144
3293
2968
5507
1421
7503
8691
2536
3517
1183
5758
5184
4990
3028
4940
8822
5161
7488
2082
2148
2490
205
6114
8437
6365
8421
1173
6885
801
9873
6932
4004
2028
6425
3330
3833
187
1867
5513
8995
5700
774
5392
4203
4986
6774
9734
4373
9180
8666
5551
7958
5227
9296
3128
4143
9301
7939
4759
3287
371
4203
1380
6103
9275
2067
1166
1998
5731
5959
5963
8565
3267
5340
1376
3613
4501
9321
3369
4612
508
5011
9174
3063
5518
9207
339
9921
9648
5137
3810
6450
5324
5225
5302
7147
7745
1405
3727
7093
8664
5945
4173
3745
6622
2898
7074
9818
4179
1411
537
1223
6221
1839
5389
1452
169
8501
8824
3712
768
5794
3017
8762
1458
9472
5040
404
2610
363
7273
4754
6462
6228
3810
5404
3401
9199
4891
3446
2166
2551
153
7201
9203
18
5895
5146
9824
8191
3114
7600
8571
1979
4096
307
3001
1011
1492
1896
1602
1219
6064
4233
1354
509
5519
8345
2312
102
7773
341
7061
7226
990
7174
1954
7039
776
4531
534
263
8431
964
8659
8912
6939
3729
6244
5558
727
2568
9957
6695
6184
9326
5551
5815
6888
5868
6542
3658
1886
5627
1953
1423
4540
8779
5486
2300
9845
7228
5471
6323
7961
3792
6925
8660
2030
376
4935
6509
6252
8666
6895
2829
8853
7924
241
3094
4192
683
7745
7360
9569
1036
3168
4698
3974
4771
6075
5835
8720
9194
4832
998
812
8889
8797
7341
6765
5900
2215
8621
9368
2114
1684
8087
1276
7425
6517
2542
2076
5879
532
2508
890
7068
2550
671
2225
7955
1564
8561
5375
6239
3180
1941
1645
9650
8023
2925
9389
1857
2551
4425
3887
9907
2999
8425
496
9704
879
1844
3119
4839
250
7265
4541
3007
4565
482
7921
1439
6471
8673
469
6977
392
9059
5696
4033
7071
2777
7777
5819
1979
53
7988
7986
7870
361
3973
7357
8081
7387
7358
253
8568
2372
9902
825
1556
8200
9497
7114
3934
5905
6262
4290
4631
1284
5353
439
7065
8277
7596
5598
2120
4869
1388
2483
2155
9289
7759
2212
5042
7447
2381
7741
2339
954
6818
7887
6372
8244
7294
7705
1879
1939
4982
4456
7165
6220
9419
8042
7320
2692
4500
7519
8722
6734
587
8968
5075
9214
8562
8882
2083
6460
9856
9276
7565
37
4651
3539
6939
3131
6403
2447
4260
1516
2809
8694
6383
2736
3115
7134
6434
8971
2861
560
4923
9315
7541
5432
3515
7852
8002
3161
5114
8687
2634
381
171
9001
8111
5322
7261
7567
333
9984
7338
7680
3443
351
6352
83
3340
7558
7433
9838
425
9142
9994
8680
6413
2437
4021
439
8052
6414
4330
3779
992
5381
9297
4204
593
6488
4813
9350
1776
2194
7517
9730
7289
6409
2004
5497
8451
823
835
9569
2222
9893
8192
50
9287
3235
9046
6082
7722
6693
4792
3500
3093
5352
5507
528
9701
7602
1807
2964
8656
4278
2321
8839
6446
8263
9680
5494
468
8532
6354
904
382
9890
4995
3012
5369
1191
2770
2002
3642
3010
1639
7775
9998
6137
6932
58
3935
8506
2712
8091
6464
2146
8346
6372
9222
1292
6056
2943
6386
722
7931
806
6863
3343
1558
8658
7253
9861
4812
8427
1063
9177
4476
8111
4079
1644
458
4974
9796
6261
1995
8257
8581
8890
9772
1754
3845
3838
5263
6071
1107
6996
2003
4193
1140
3409
2894
8833
3519
5792
2586
561
3221
2559
8154
3184
1851
5446
9768
1087
870
2504
9196
9657
9234
4770
6426
4816
6287
5776
2505
418
2856
4863
844
971
2689
9741
766
7299
2044
3036
9647
2024
1128
5094
2853
9910
4936
1307
5857
3027
8283
9477
9504
8360
9852
1836
650
9561
1064
1094
2346
6501
9544
6150
7402
1048
9258
213
2875
3022
9504
510
7406
6307
9957
7475
5970
3030
7063
8366
8874
7228
7718
4674
6250
6880
887
1119
1006
4040
1429
4532
7831
4883
3957
3582
611
4542
2756
3935
5944
9014
3487
9178
6365
6055
319
1947
468
5715
9343
659
5128
7519
8619
4961
799
3591
8791
1741
1148
5570
5369
8701
5348
7776
5172
4362
5834
8063
801
4653
8745
5997
9036
3843
3406
4952
8969
6368
4224
7745
9682
6832
7309
2160
7390
5672
6114
3264
6575
3546
3638
4619
3703
679
1268
2768
824
271
1331
3504
2375
2869
3491
6233
508
7598
502
9194
5225
9736
6777
2821
5060
3238
8942
5234
7107
1065
423
6928
595
8827
8113
9446
3045
4485
2315
5784
9110
9489
8785
4789
2777
9161
2697
269
7731
2638
7593
8864
7746
8021
8835
8978
7963
6300
2991
9626
2303
6106
5507
4618
793
3092
8049
5897
9094
7627
2429
5099
1650
3859
9978
6050
4315
9871
2528
4798
8548
7384
3356
6192
680
9581
947
1788
3769
6483
1860
3276
6612
5965
6026
1090
7155
4936
1738
8758
207
9885
9711
8365
9855
5177
6576
4250
1969
7642
795
734
7428
1727
6368
2764
5584
9122
3293
1479
7843
6946
8033
6204
9016
5896
1582
780
7878
1307
5648
7458
8594
751
677
7987
146
3273
6072
5123
192
7965
4958
2403
9511
9656
3356
6328
8236
3130
5331
9320
2636
1099
8810
1758
4014
8830
7126
5725
4693
9986
2807
5088
1797
9925
9186
3968
4559
4180
839
7887
5498
590
1262
1409
8960
1638
531
5738
2994
6423
3995
7794
8137
1186
3442
9445
5674
6178
3379
24
2469
3937
1811
3526
4491
3763
3626
7816
9385
8096
5087
1650
8437
8688
7390
8090
4516
7214
121
9940
2037
3007
3497
6521
5038
4028
2607
9287
3041
3530
1963
7265
3402
9227
9912
9302
7864
1262
4178
7695
3669
3777
9669
6002
9588
5718
9091
8484
8534
7348
2017
1467
2153
8052
7328
4674
2190
3996
2979
6933
8469
5897
545
6252
887
7397
4025
8149
2976
2216
5629
858
2087
2026
1821
449
2107
870
9376
9810
5803
507
3057
7747
66
8636
2820
6304
2190
583
500
7478
3548
3395
8090
7934
9745
2466
2172
2183
7095
2214
2975
4620
7682
912
170
9125
2894
6787
2506
6057
5975
7815
731
304
6244
2090
4122
5943
5841
8609
9684
2733
3608
9180
5673
4282
8012
5095
1891
7648
2257
8044
9869
7449
7227
2774
7394
8799
8545
4929
2564
3851
8478
6269
3589
1094
2660
274
3397
6171
7453
189
4328
7325
639
5928
6451
132
7787
9495
4627
579
2211
8990
4442
8469
5493
2145
840
7574
7097
7812
2098
7486
7395
2913
7697
8488
5381
6055
313
6273
6308
415
7908
2731
196
106
1195
7921
8595
5735
8848
4101
7936
2193
6907
8965
3910
8164
4447
6061
5496
8880
2648
6117
7883
8966
4644
4859
8410
3007
6107
8396
3434
3852
7132
2827
7659
3848
8389
6324
4264
6554
5486
4458
731
5655
6547
4060
1904
7908
1341
55
1108
3721
5468
1061
9849
8432
9938
6643
6009
6365
526
9392
8325
3672
1668
8321
9433
8261
4486
8961
4205
6053
4001
5974
7402
5445
1303
9231
6151
3268
9604
9481
4352
1747
3055
8785
4114
2197
239
467
2613
7205
647
977
4470
3622
7840
944
3488
1637
4257
3485
6327
1820
7933
2988
2193
4064
1210
7808
8864
6041
2249
7751
7136
3682
9127
5885
8538
2950
8287
9057
4883
4235
6089
1924
2148
1691
4851
45
9318
8972
9291
8842
1770
2705
262
4242
1634
5706
96
6965
3167
3863
496
9284
9848
1402
9527
6109
2980
4665
4902
2383
405
9747
9881
1404
1905
6474
5107
2588
9118
2046
7655
222
2905
1803
7312
7066
1682
7417
5470
1985
2920
9761
8413
5686
3069
5343
1316
310
3285
194
6791
7522
9473
1425
5722
9774
5170
9016
2338
6625
2028
7040
4409
9469
1401
7772
2462
3081
7766
8767
6791
9017
5038
795
9108
3599
4321
8853
4817
203
3281
3412
4136
6590
6217
9945
5232
1324
9339
9112
9366
6160
5012
1764
7750
345
621
9608
8406
9106
4289
2962
6399
9760
9094
8426
9577
1348
7658
8224
3843
8704
7564
3140
4107
7030
3763
2559
4560
5548
7151
7087
2849
5020
442
4207
8833
6696
9594
1525
1914
7819
8119
6468
4363
42
3875
5266
4272
7129
8283
5204
1452
5018
2297
662
8502
7152
4146
1655
7325
3889
1491
7328
6600
5770
7619
1509
751
3565
8868
9508
9040
7270
7756
2779
4095
4923
283
2742
3805
7873
6488
1541
7667
2651
3148
9964
267
4142
5898
3637
4907
8656
2714
0
3776
7630
993
250
1315
2973
8751
6107
6346
2856
132
233
2829
5800
2255
7723
6835
7906
8261
472
2714
7593
4891
8877
9423
6389
992
8317
4143
6604
4921
8162
8571
2140
442
7170
3105
4538
254
6078
6349
2613
516
5604
172
7812
2022
5588
8984
4494
8982
9423
2101
1304
3672
2795
710
5448
8502
2403
6013
7257
3940
4827
8558
3239
1073
9442
30
5354
3142
7424
7101
8736
8030
1055
8669
9123
9858
8614
6686
5081
6496
2367
2760
2922
7175
378
2388
8797
6690
7835
7144
8731
6015
1903
5708
3461
4138
8076
5741
7280
9258
8838
1390
7838
760
3085
3526
4153
8168
1748
8075
6953
5382
8797
7496
5349
8398
3599
9469
3174
2743
2457
3124
1942
6445
5425
9691
7928
4649
5349
1267
7265
1200
643
1028
5539
5525
8500
571
3275
5483
9107
3393
1153
1547
6939
1193
3372
3791
6926
8229
3992
1881
5666
5701
4079
1634
7013
5518
3652
8467
898
9091
6848
4505
7676
6291
1683
9945
1543
654
2812
2080
6918
5141
4372
4501
7246
5453
8244
7598
6522
7728
5463
3180
9912
4496
6809
6500
2816
7928
7711
9610
1829
3618
1041
8716
2020
3966
9890
5656
634
2438
2448
5515
6370
7755
6039
5224
1883
5002
5376
3393
215
1793
8678
164
5296
7881
6585
7173
3958
943
4107
9748
5156
914
8280
3835
7552
8795
7731
1799
7344
9588
5516
7776
1962
2423
7838
5366
20
4276
5652
6266
8427
2478
4747
6358
2031
7682
9554
826
1770
5221
7758
9796
5057
4842
570
2955
8115
9869
2060
4376
8495
9198
2355
8706
6115
7917
9372
4068
2655
8606
8916
7757
9639
4105
3304
196
4919
7522
3160
5382
65
8704
4586
6398
8002
5035
9290
4751
7506
3127
2383
1297
5082
3800
6425
8341
1040
9136
854
3143
7006
8172
4853
6847
8465
5960
674
1124
3949
4842
1535
2702
4766
5874
4963
4166
3641
4236
7548
4028
4849
7998
209
7749
9733
5284
786
1871
3350
5446
2753
6354
7607
6675
3209
9092
2845
5565
4092
2473
1494
6832
155
4358
710
7728
3263
912
732
6398
5493
5782
835
2710
6437
6440
2884
9849
7331
3506
7689
8482
702
7065
620
5478
2359
9248
4910
2493
2188
5399
8196
728
8881
4529
9452
2126
1696
5121
9773
3207
3111
8128
8540
228
2016
4526
8427
5784
2735
1091
9452
4215
9268
8096
7683
586
8960
3670
4377
4524
5044
5138
1133
6245
3444
6436
1413
9312
4859
4523
2562
3386
8569
4288
513
5562
6647
4459
6062
2167
9050
7989
2883
5563
1654
6427
8255
6978
8794
9979
5729
1630
2281
8319
5939
6171
2489
355
2676
8890
9380
2324
222
2988
7804
3431
4086
9116
8044
8819
8785
2282
8185
7341
3795
6416
8519
926
5267
8482
456
4611
6171
1367
5439
7056
396
8830
4003
4353
9902
5487
1567
1007
3556
3888
6966
8700
2014
592
3715
5419
7896
5236
207
8191
2128
6219
2620
3982
4693
5007
1982
3985
3595
331
3657
4235
4682
4372
950
8371
6118
1285
6639
4608
4714
4331
5033
6913
2286
2441
5186
6390
439
3129
0
3166
4541
560
7961
3581
4760
2605
6816
6394
7203
4318
1901
9091
2147
3742
4406
4669
8273
8303
3945
5868
9283
8496
7644
9914
1497
6715
8379
7544
514
3838
8688
6959
2511
419
2193
9169
6383
9950
8115
3729
2746
3475
5309
8572
2282
3378
6023
5266
3907
8368
3889
85
642
6227
7328
1261
9027
9577
1859
9957
2077
1926
2596
7429
7497
6616
8810
1597
2304
6712
4154
3115
4866
3584
430
6298
5026
9747
3406
8455
2286
4605
5435
8321
6509
2857
491
8188
450
8265
7582
1697
4797
3413
4959
5622
3504
8323
6358
2389
2030
8463
1258
7436
4063
3271
948
2705
5521
550
1038
544
4665
9787
6954
3650
2327
5
7152
2571
2551
4077
5039
4609
3156
560
5301
164
6839
4888
5562
622
1837
3350
8646
2120
7254
6285
8402
86
7482
3198
8844
7488
1702
5260
6020
9598
5092
5531
4595
7168
3001
9450
2380
4887
375
9434
746
2467
4899
1850
7113
1946
5985
3553
3633
2706
2811
5239
109
6107
6897
6047
3594
9996
3658
7685
4299
9736
248
5408
5801
9901
809
7413
4567
2233
8410
5864
7443
4553
8631
5679
1017
6991
3934
5796
9570
9487
6497
8647
6665
8582
5417
7982
8638
9464
8696
8106
2212
5812
1847
6632
5301
5318
3198
2544
7701
6570
2770
7693
5123
248
5784
809
5660
5552
3368
165
5066
226
2829
8498
4762
9530
9480
1695
8491
8199
3012
8831
3410
4343
5781
2870
7931
7617
1498
6080
6602
4158
2337
5422
703
4548
5129
941
6679
161
6387
5397
4207
5488
4626
9228
6068
7915
5345
7076
5398
8718
5427
7240
1595
8083
9798
1150
1487
7312
9681
6040
2201
8569
620
93
5017
4594
655
1696
1902
5446
691
4250
3332
5565
8804
4521
8586
3437
2824
2771
8738
1920
8393
1048
8097
4206
1310
3172
8630
2183
296
8926
6919
1055
3640
4161
9671
2326
126
8468
4197
7811
6636
7095
5406
1900
3193
8348
7729
757
6561
672
8419
4211
8873
5909
3689
4523
6449
6717
4451
6331
194
5493
6073
4021
7479
6764
5820
4292
217
4702
7695
5372
1042
1121
3535
3762
7698
8299
1757
3013
7888
462
2877
6328
5640
7169
215
3358
1379
7085
4234
9040
6372
8913
1728
7405
6127
9282
4269
8543
7780
4418
5697
102
6057
3179
6541
6579
3798
5849
5042
5779
5177
1441
2821
3830
1977
8562
4558
299
1336
4167
528
1754
786
3493
19
61
5330
1783
3725
4220
3908
1636
3583
228
2885
4586
3931
6595
8374
8921
9348
3010
2880
1822
8766
9279
8321
3290
7028
470
980
4959
3112
4860
2447
4839
8196
5928
7686
2320
2128
4446
2493
1224
701
6601
6922
8752
6318
709
8585
6928
1174
3430
6361
8008
8780
5144
1251
1918
1259
3332
5179
4409
8278
2459
4032
3273
6777
3186
8205
9008
7210
4746
9698
9345
5630
4859
1532
6996
1721
6285
2961
9859
4285
4451
2712
1348
963
9348
5252
3603
4760
3591
9346
4538
4654
8954
7528
1408
6148
223
9357
1308
6352
8420
2391
9109
6520
2366
1216
952
7312
3441
4354
6196
3837
9102
4657
7573
3432
1529
9752
603
1918
1589
1019
7174
8341
1743
3579
512
2729
3636
3881
8679
4853
1904
322
6630
3165
2836
2600
9392
2455
7299
8305
5832
2986
2377
1256
5471
4446
4648
818
8715
9539
2961
9243
9680
4590
5596
6095
5485
9598
9267
6132
9254
5261
9921
7252
4058
514
5746
5769
832
8131
6375
3121
7219
4615
6138
6289
2967
985
9208
966
1926
6601
9663
9782
8764
7853
1509
9733
6875
4901
5410
6612
4124
6876
9548
7604
6787
138
2477
6120
1485
4006
3635
2807
4105
4729
4244
5329
2304
3822
2683
4313
9474
8309
275
8945
6335
7559
8063
6308
1502
147
6340
7852
9885
8327
2436
2051
4806
4203
3592
9255
2523
2839
3673
9815
6510
964
9883
7658
4399
7392
4390
5503
6050
9083
3426
3246
9916
9423
7246
8525
8234
5340
5181
4303
2078
5601
414
9576
5527
5511
3799
5467
8220
2391
7981
6052
3989
1820
9491
1473
663
9811
1932
7499
9945
2415
6974
7811
391
3433
6437
2775
3315
8580
5345
1827
1602
446
1006
3060
4394
51
9934
89
1526
348
4709
5602
5844
1013
752
1226
9276
7691
4834
3153
7997
6020
2893
482
5381
8313
2154
8180
28
5342
8597
3883
1086
8819
9159
7566
7923
8323
4609
1539
4285
9321
6243
1111
1854
6194
5302
2714
7171
2045
1644
5766
1168
3983
8034
8320
9945
772
5358
4824
6843
4672
9803
7323
8693
9699
7007
5928
8982
3754
309
1599
1108
3906
2363
3764
1718
7384
9162
6787
5647
6156
3277
4110
6936
2308
2353
5346
3608
7709
2184
7304
9074
1660
6553
2183
123
3954
775
1494
6391
3550
3740
671
1551
6204
7571
1407
561
6939
5167
5275
629
1020
2538
8460
8663
3223
2078
3483
5909
9432
4458
151
918
6838
5458
5539
757
3444
8438
8189
8522
3793
5916
3513
1475
5018
8444
3900
3956
1119
3129
5524
3032
5458
5415
9205
6370
4779
4109
6638
7205
8665
3753
2234
8988
7140
2378
9491
4230
430
7214
545
6754
3464
6264
6175
9059
1760
8013
8494
9953
3191
1052
8099
5532
7313
5720
8220
6253
150
643
2449
698
