7513
1821
3094
4564
9834
9717
5927
1050
2491
4990
4810
2282
2835
7958
4653
7988
8228
9554
3768
732
6957
9374
3245
8850
4575
1522
3850
7677
2028
8973
1710
9667
5979
7536
7911
4263
5961
6169
8889
7776
2777
2235
7195
8498
8764
3798
44
8124
9004
6649
1267
8541
7810
7296
900
4931
2359
4523
8606
8962
6680
7614
2353
2205
5842
8430
9949
2435
6173
1647
7013
3881
2917
6167
530
9217
6100
5293
4485
5956
3515
5732
4100
9361
9311
1054
1718
3538
9008
7823
6889
6519
5508
3295
224
2657
2243
9211
7003
1693
2859
3529
3886
7066
9668
4630
9620
7657
1774
9103
444
17
8454
3832
8001
1116
3992
1707
3623
4322
1326
8096
8913
4720
3606
6149
3600
5988
241
987
3526
9031
5128
7646
4281
4391
4666
7662
8898
4064
7920
510
5973
2135
465
4825
9259
2099
3025
6204
4443
856
3268
2259
9832
4161
5297
8292
5044
5161
97
6690
1154
1719
4183
9823
2376
3860
1257
5890
8227
7785
4956
6416
8933
1705
6815
7018
4777
1513
1390
2675
3895
3960
6774
1949
7251
9679
4808
959
6176
4918
9735
676
9010
8015
2667
3970
2833
3123
7496
390
7561
7688
5048
8617
3295
28
6997
9345
2542
8593
9683
4935
4734
3061
8858
2384
7574
3276
801
1898
2729
7340
2693
1621
9132
2789
8170
7435
4903
1723
7369
2173
9498
8402
6935
3404
3815
6148
1542
9057
5693
1057
4644
3273
8805
7412
6081
6113
1141
4606
1423
3642
641
2674
4210
4056
7202
7964
6230
189
5743
6670
6560
5837
696
9609
3021
9437
897
3572
822
7213
7147
7532
101
127
8606
5337
5169
196
8099
4472
1590
5554
6095
3690
4544
2387
1113
5976
8197
3996
1228
6289
1730
6488
2119
9283
7710
3953
3826
4977
4715
8379
5788
1207
8266
2861
8223
6983
5598
3804
4821
5070
1609
9590
1988
1657
435
5304
9300
894
4250
8109
7858
104
8099
7187
9917
9026
5421
9003
2429
4015
5894
4461
8755
164
7928
3174
3548
8755
203
2783
1999
2309
734
4299
118
2210
8400
6332
1625
8896
3977
5891
5813
9558
1366
1554
3356
652
3376
7792
2518
6177
7646
4520
3542
7993
2993
4702
5383
7601
4941
4752
581
6623
6648
4420
872
2955
6155
2068
1658
9940
8341
1618
3098
6800
1583
6762
2457
3108
7706
1987
6114
1228
6116
1553
647
9320
4154
1578
5494
2388
9496
2930
3850
4114
4475
4134
5790
8949
343
5602
700
1613
5684
6319
4356
5114
9603
5469
2680
1454
7167
3720
6388
2804
1807
8890
4283
1031
7512
6253
3772
4321
3262
2267
2883
769
7947
2260
3052
55
633
2235
4147
1471
2761
2029
2791
2823
9942
1663
3901
8079
3699
3972
6448
9708
1729
5208
1750
2057
7005
8283
1997
3499
5958
9821
9909
527
9276
9346
9607
3459
5652
5779
4051
2382
1576
8737
5688
3436
9051
982
9963
1369
4234
1994
1082
6137
6206
1167
8155
6146
9342
4953
9534
8984
5362
7453
3281
5619
9426
5765
9746
7934
4220
7150
2271
4590
3957
8798
329
8445
6231
3989
3591
2978
3944
2063
3159
2655
6603
7362
9935
2263
4624
6635
2914
1481
2390
7823
366
2494
6017
8049
9378
9755
3959
847
636
787
1108
4041
7296
5293
7373
9344
2693
6317
8977
3030
5818
7985
2844
3783
4406
8906
4741
9395
3837
4949
1543
1752
8254
4629
2701
3528
6057
9407
6134
4668
2766
3314
9961
341
5793
2593
3922
7354
3785
4334
2265
5331
7432
4260
9284
7057
8244
5121
435
6935
6340
7166
6793
4425
7111
3629
6986
5920
5405
3598
3296
5416
6425
9902
8968
2182
1886
3340
8441
4104
6935
5945
2596
7019
6003
4844
7671
8259
6589
2719
460
6939
6153
5577
3791
9321
7707
841
3180
9213
9633
2523
3142
7846
3889
6010
4469
8337
2429
8899
9863
8927
5938
1746
407
897
3633
3852
218
8515
4596
8840
4950
2290
4642
3994
9405
5435
4158
2684
1079
8034
4474
7979
2479
7851
7433
6652
20
2937
6481
5578
5343
433
6367
5550
2244
4458
9477
2841
3409
8803
559
8784
2771
4000
3043
1732
3800
1411
4630
4732
8832
9843
5387
2258
109
6172
2838
5752
3593
7667
1343
8325
3686
8723
7090
8031
1008
6201
7363
2710
975
2968
656
8235
2953
8874
5054
2796
4436
3796
8997
6797
729
9957
5688
2227
2516
8923
8956
9456
568
1234
3514
6071
1599
9801
4127
8907
9455
1234
3664
7368
4089
3174
7851
3181
8346
3603
2313
197
6388
3268
9072
2993
8103
3115
8677
675
1321
2429
7870
2522
3525
778
4262
677
9887
1575
6217
2981
421
8666
8063
1795
594
8561
1606
5451
7948
768
1991
4788
1629
2965
8491
8477
2574
3162
743
8374
4335
2166
5842
408
3364
2448
9991
1042
7754
8417
3670
3905
8423
8276
3636
4443
9694
8109
6323
9592
3218
6676
5389
6653
2994
333
2330
9142
515
7509
8337
8688
4747
1290
3898
8096
8169
6615
3698
8115
819
1899
8792
2627
5271
5333
2532
2275
5683
1294
6839
9960
9408
7587
414
4531
7928
3902
2048
9871
6216
7008
647
3027
7553
7997
9083
149
2457
8611
3929
6012
8062
3736
9731
8144
1658
2928
6498
9328
3474
9304
8182
9151
2777
9538
1534
4156
4210
1565
34
8588
1811
2368
6957
4262
596
4227
9129
3723
9574
7753
4835
3088
8832
8430
7661
234
6277
1513
8418
4133
9538
7695
3316
9345
9987
6548
6321
3801
2757
1214
7588
5089
9414
5160
9704
8267
5433
2255
7783
3766
21
5533
8177
7365
5261
127
3720
3559
4682
1365
6808
8903
9221
1366
564
4050
3505
6078
2988
8753
516
8277
6282
9314
8262
1596
2219
2487
99
4519
7083
4939
1035
4802
6569
5420
9208
9873
4842
3738
7455
7784
4153
4874
2175
3811
1724
8295
2711
8275
4641
8262
564
4678
6408
3588
2312
5617
9466
8990
4534
8493
9463
5596
330
8124
7726
5772
6374
8150
9205
4791
2566
6388
904
4818
5941
7736
8094
4626
9257
1655
4535
732
7577
229
4081
8761
2702
8267
762
7363
1431
1286
6816
6607
7463
4415
3460
8423
7770
6867
6109
9506
1765
5871
9673
6306
9514
9834
2606
8505
2715
4335
5199
4921
7926
6261
9210
1623
7166
1789
7246
8331
682
8343
1146
6951
3815
8400
7120
8769
8361
4748
2776
9279
6446
8829
4145
8494
6019
1646
818
9375
3056
7102
7759
5711
6911
9932
9415
7153
9707
4731
4986
6394
7490
2674
408
8616
7612
2819
8469
8752
6582
1349
3672
7011
375
6529
1826
5068
1588
6326
3404
3144
4494
1225
1482
2387
617
764
1036
155
5336
697
2834
2243
4900
5628
5007
7334
7452
6283
7831
7766
8454
8002
7714
7456
4595
8111
7058
5294
3472
6919
5761
217
616
3507
5268
3112
4904
6923
9868
2681
3451
2700
8747
1499
4579
8057
7715
7206
4505
8348
5914
1640
8796
5751
1642
9004
1893
9132
9621
8537
8011
2421
5461
8580
4530
9728
6673
2979
7135
1019
1692
8128
598
6696
8840
2277
260
4909
7768
4810
8761
2123
195
1497
9869
8200
3972
3722
8051
6427
4413
7696
6763
9812
4924
3391
3953
4389
9350
24
7058
9297
2400
1122
2015
3296
5037
5431
2011
1164
7570
2616
3006
9499
2389
6094
6172
6889
5123
9774
752
3137
7808
8936
3553
5767
7481
7021
359
3429
2358
3866
2054
3057
5340
8549
1609
6088
47
99
4235
3769
9924
8227
6254
2976
4372
3099
2078
7117
5420
1165
9871
2880
6834
5749
6051
7988
1362
1138
4025
3253
8966
3262
8831
7103
8260
5548
7064
2597
801
4509
2616
9642
7875
9407
3964
2943
9652
1139
8454
8874
5619
7145
6374
2207
9493
2010
5429
4318
7065
2770
4075
7192
24
8168
8672
4079
2747
6299
687
7258
4759
3034
1959
481
5075
3872
7019
9659
9642
795
5641
6450
1660
2600
7992
9488
3455
6668
8778
8776
1715
8881
5233
5699
9410
3291
9950
293
8934
3302
1732
811
2789
1326
5931
6356
3224
2282
9953
697
5609
8246
7307
2346
2890
3500
5273
4791
4115
2015
4215
9031
1395
3043
4175
2905
7944
4396
8780
4853
3513
6977
810
1581
8688
5821
281
6229
3813
3170
8993
2140
8950
6794
655
7030
2627
8875
4541
4440
3605
4406
1439
9024
4111
621
3530
7038
7356
6222
591
7458
2072
8353
3077
5059
4203
8490
6069
2537
1408
1066
3007
1721
8083
2105
6569
4746
3129
5016
2040
1016
1066
9510
9447
6549
5193
3345
7236
4375
5444
8439
1594
9506
2038
5592
9865
1730
6234
7977
1090
2836
3931
2104
5902
7474
22
9799
9759
842
2097
5383
9582
6283
9397
9187
7938
587
6166
6053
1794
8935
9635
7801
9410
7495
9129
92
8138
4957
4130
2208
8485
8203
6379
8223
3124
1854
8563
6761
7074
426
9806
8157
4083
9555
3146
8176
4117
2774
6873
2812
6985
3010
7021
2936
6299
694
4275
7232
4876
2648
1733
1969
833
3167
7891
5203
7588
9726
1740
5731
9352
2190
2358
5836
1307
8055
3821
6194
8596
1194
2008
6027
7067
4253
1991
8985
7896
7460
1353
3048
4563
8984
4250
5969
5082
6183
5769
2953
5122
9945
4967
2681
3317
5450
5563
7082
9034
3640
5523
8892
1154
6555
9141
5060
8749
9131
8436
2976
5501
6627
926
280
2675
4385
674
6867
4726
2438
8511
2323
7714
5264
9783
8414
8892
5057
3186
6010
2548
6940
7871
6932
9379
5276
9269
3244
7748
3761
1448
5409
2927
2280
9256
8325
2144
2837
99
5132
8342
6256
1082
8775
728
8665
48
4711
2802
6825
3935
8320
5901
9751
197
7564
1628
8611
5212
4408
6706
5826
6296
2703
6898
759
4265
9857
5006
298
6416
2928
8097
5032
2845
2567
5096
8023
2119
7528
2170
692
6453
6640
2793
235
9514
3384
9217
8546
7118
3195
5357
1859
5942
5727
9305
1860
9478
5138
673
324
1357
6898
8
9108
8798
265
902
7999
5039
8260
6297
1832
3066
3646
5116
9103
433
2781
1173
5279
8526
5849
3799
7495
1384
6484
312
7939
2210
9211
4669
5366
6878
7080
5122
7638
5103
2896
6758
4868
2828
304
7490
9495
8816
5343
8282
3172
7230
2959
7276
3356
6833
326
6262
3218
3106
68
7780
727
3379
5024
6951
8948
8584
4019
7041
8643
8869
4352
6108
1403
7042
2735
4538
22
9260
2933
5159
3568
565
5474
3659
2910
4315
9446
1628
7417
1014
3696
9425
518
3323
3093
1505
3507
5790
1082
3881
6000
5060
4814
7436
2679
5766
2118
7125
3129
6258
7686
440
3063
9867
1769
3046
4154
1664
6206
2559
463
4426
5743
3058
5074
1135
5198
9056
8166
8980
7535
5775
8719
8464
636
4106
9356
9227
7657
8422
1540
8869
8853
6319
2636
499
2041
5792
6962
7620
1184
8674
5289
4177
1715
6044
3489
9059
6512
6712
3122
7551
2486
438
821
92
208
3642
943
5622
11
7553
2827
9546
8230
497
2595
2001
5045
30
8315
3818
8466
9272
9802
4912
3873
5410
3413
3099
9054
6942
1258
1298
9477
8755
9030
8638
4509
2049
4643
8969
2514
4827
6482
21
6957
6307
8448
5578
1235
3555
5640
8439
2839
119
8502
2074
1580
2713
6067
586
8043
6196
7186
7601
9214
314
933
5416
807
2161
4317
5290
9695
4264
7788
9658
8831
8807
2153
4673
4948
9412
4367
9663
7139
5170
530
3667
5977
7796
4495
8421
9581
288
6351
6129
2965
4366
9208
846
6594
7855
2192
1756
3753
2283
5039
2685
6798
3138
6351
6426
63
4036
7043
3334
8298
3309
4209
9551
108
1640
7837
6512
7703
6580
3316
1812
4096
8980
8194
6998
306
6879
4336
7812
9954
2056
845
6001
7856
3177
7640
3513
5510
8280
55
7727
832
6380
7080
4435
5129
9304
2497
8239
8990
1045
6469
6288
2144
6431
7350
4498
396
8726
7122
3860
3759
3076
444
459
2888
3518
9991
4291
5198
6404
6513
5231
5258
2226
1482
6641
4675
2649
5679
1526
5732
8616
7447
4089
4924
5971
7066
919
1186
3702
9209
7330
531
6259
446
9071
4906
4471
4625
4955
9562
9706
4147
2074
9483
5381
8459
7056
8958
4094
5819
2472
4767
6639
5086
2577
7750
9190
9584
9881
9914
4341
2762
770
2371
6280
8232
5985
1290
246
4505
8245
703
6497
1955
1316
8775
8296
7088
1825
7968
284
5385
1354
402
5968
8557
3118
3523
4505
4989
7164
4071
5429
1000
4742
9299
2024
4494
500
908
3121
7987
6997
1857
2795
2803
241
8706
2799
4012
8074
8043
9367
5980
1184
2064
5277
4344
1395
2519
1554
5014
8355
1821
2603
519
3572
390
9798
3716
2798
8757
7834
1684
464
4915
5980
8424
4660
8432
1278
2996
8910
3779
2770
5002
3230
512
7612
4979
6261
7621
4709
5549
804
9072
8620
3596
3183
1969
1015
4158
7537
7367
8439
5184
2777
522
2697
4022
3026
2485
7273
5499
6721
4382
8833
5
6855
8883
8272
7027
8678
9394
9318
1575
1697
437
1018
6074
5436
7512
3454
3072
3506
3848
2683
8633
661
1754
5110
8913
3935
7365
2836
5861
1303
8046
2698
3682
3616
4078
332
7308
5420
6338
7767
5255
5854
7918
8411
8070
7261
2846
768
6830
8564
1931
6009
9478
2214
2951
6134
5837
6959
4885
19
2919
5461
1607
750
1141
6621
2982
4342
8369
3931
7944
287
7395
8705
1601
9794
4723
6296
2120
4624
6284
4285
7892
3223
6520
5074
372
3710
8061
517
3960
2778
2708
7070
111
6867
4147
3202
8061
8353
5718
53
4697
3680
302
1804
2529
9906
709
8608
7306
8611
7165
3055
6759
584
2325
3756
9893
1473
9879
8615
3618
6525
1121
6039
1640
1325
4014
963
649
6593
6192
5984
744
206
4828
2597
4066
4913
8449
2922
2935
5853
3702
9471
8873
5568
8352
9081
8288
1172
1118
6375
2695
9985
4945
3138
3830
2447
5114
1859
7117
1305
914
9327
1882
7230
3408
1181
7208
6705
3723
5993
8020
9201
6460
6081
4028
6242
4782
556
9655
538
7749
7146
1691
8344
152
5493
2127
926
4333
9527
3677
7695
6432
6023
6083
4179
3631
2267
727
4952
9445
5425
6037
1491
5281
4232
2326
5476
1314
6121
8270
200
7586
9347
370
471
2219
6772
4181
9581
6538
3699
6910
6630
2463
8842
4871
1218
1454
610
9860
8585
9685
2694
8317
264
7274
9273
7066
8409
4417
7684
1179
1457
6407
8536
1985
258
7342
2145
460
8497
2357
1643
7250
4098
2274
702
4409
4415
8591
7861
3473
5976
9951
5501
1041
660
9899
41
7996
3941
9198
370
5184
2282
3897
9211
9723
8254
5555
7954
2074
1133
3857
6562
9279
3831
622
6374
3918
4253
5911
6553
6948
5497
5014
4793
5637
1018
7336
9865
7680
3948
6781
8373
7361
2294
8124
9953
6132
3901
9472
7082
7504
9462
8884
4910
8616
6681
6086
6999
9209
4417
9114
8322
6368
9231
302
4766
4540
3006
1013
3760
9851
6514
3731
6548
1860
8666
1588
3837
6528
9828
9385
9037
2789
4415
7760
7009
2784
2348
5550
7716
5311
1214
540
5492
3833
8016
1644
6721
2251
1622
8822
2529
8175
9595
8611
6576
8202
185
5941
5829
6323
6744
6689
208
7083
2909
538
9296
9630
4084
379
8913
7044
2201
8673
3378
8675
4223
9651
8468
805
8083
8623
351
786
2475
2482
767
2362
7656
4499
6267
1393
2267
4620
5302
8023
9108
262
3518
3347
8581
5553
7890
443
165
7293
2305
4259
1280
8679
1373
5951
8828
7603
3887
1447
230
4771
2324
8518
3275
849
8628
4255
243
4607
4371
2477
5911
2184
8497
6308
7891
626
1436
8489
7126
4339
213
1627
8231
429
1056
5165
8338
8632
1077
2834
9632
250
3107
627
7413
5125
6212
8687
4114
5341
76
9792
9866
2644
6955
9318
8290
7172
578
4978
8290
3945
8754
7921
1848
8601
8431
5299
2668
1648
8884
231
7245
572
705
3045
6138
18
1215
167
7949
9227
4179
5845
7938
1198
2209
8603
3190
2635
5432
6346
6827
7233
6331
568
8503
6301
2656
5716
315
1105
9793
3562
8017
2316
8400
6367
9663
939
7192
3802
713
7212
2526
7007
7011
6058
9111
7593
1795
7962
8450
7044
6037
9121
1798
9076
3464
2624
4406
2133
4870
2093
8065
9024
7825
3247
8103
8678
2600
8501
6740
908
7241
2628
1953
7491
2416
892
4720
19
3822
1653
9781
7460
8565
8347
2517
2601
2655
8451
9174
7577
8527
9689
7573
4459
159
6840
8871
7421
7848
7973
6215
3905
6928
5176
9198
8501
958
9527
4177
6862
7257
5697
8068
1744
8526
1748
9309
6875
6560
492
2787
5942
7370
7113
8468
2449
3248
2443
9350
2218
8516
7405
133
6206
196
1467
7419
3465
1200
5665
7246
972
4761
6161
1732
5466
7045
3520
7649
1503
6335
2654
6945
893
9420
4401
4465
101
248
2637
2151
5598
895
7202
850
7845
1591
5457
9979
5074
139
492
9115
9186
8642
2970
7447
6710
5166
6963
9399
3912
5025
9422
7796
901
6200
4821
4495
9003
6348
7169
8494
7264
8174
248
4273
3148
7151
7327
6435
6645
7954
8013
108
4821
6361
2447
867
5370
4891
6625
5249
841
8152
2799
4657
2448
7075
8281
3107
8359
4350
7868
2095
5442
1428
8067
3559
8854
7455
489
2278
2453
906
4633
4116
488
4480
9988
75
2088
5587
9278
5124
5672
3881
2198
9883
4771
2641
3424
5217
2062
9875
4465
2367
4601
7958
4710
6136
3335
5755
8802
5208
5223
7974
3746
3241
1167
1388
7390
6692
1764
8632
8126
8228
1529
1864
3430
6182
1841
4405
3888
7852
5042
3280
5173
6865
1896
1239
3975
5064
4387
3814
5566
8941
9759
4571
9181
6685
1246
5762
2880
657
5076
3791
4772
228
4558
5994
5107
6838
5055
8115
5131
4362
4633
247
7226
4938
8213
2812
9881
1962
4591
1750
9073
3546
2912
4460
7166
5732
1001
2852
1343
8070
650
8299
5494
2794
1356
4081
5090
5264
3985
7969
3543
3853
9446
6398
1239
8732
8065
2264
7647
499
6061
2878
5472
8721
9695
9950
6329
4868
2453
7464
6430
7303
3626
6848
2438
2968
9272
1570
8806
3815
2426
6224
9894
4858
8541
8679
8349
9053
2083
8080
7119
2519
5475
802
4415
905
9248
3684
3521
8975
2772
9216
1793
3576
8521
9700
5482
435
5317
5570
5044
8287
6159
7350
7645
8821
7298
3608
3762
5873
8477
2119
7499
8250
2260
566
8497
2371
9783
8707
252
330
9900
4626
5149
6398
107
6280
9140
8142
2551
4931
8079
4381
5060
4871
3840
6049
1817
6755
4970
1802
2500
2258
9128
7392
580
4750
3594
8757
7031
2143
3309
729
7472
4992
5237
4524
4260
4083
2713
3647
5074
4299
8091
788
573
1798
3091
5827
7191
3678
1896
6702
5835
1365
8458
636
7191
9166
7582
2226
7076
7835
9511
7056
2900
5696
4190
4727
7639
5878
77
4632
5082
2188
6285
7896
1181
1064
6730
4655
5246
4795
8896
656
6679
6195
6293
4771
3217
7018
3603
1166
1748
6379
2895
5634
3820
5893
9147
3490
41
8584
1892
3390
2051
4108
8169
7581
5944
6832
3417
8649
7108
1712
8679
6196
6108
8161
7469
5513
8023
1846
5226
9181
7577
5876
4138
5429
6749
434
4000
753
174
4906
3682
69
3170
7005
2481
7800
628
7571
5732
4757
4284
3840
6320
3487
5133
6722
9334
274
6187
1638
889
4388
1783
6426
650
6507
1529
3133
4722
1048
3161
3123
5515
8400
6841
5925
987
4620
7299
949
9982
6390
922
8351
608
2996
5343
7354
1540
545
227
3486
99
8694
6420
4528
9860
9928
3270
4137
4948
8571
7007
6805
6611
8437
3662
9286
2155
813
6521
6841
7533
5041
2834
1248
7370
5591
7526
3086
7466
5852
2642
9538
3501
3864
6834
1099
3036
2082
8311
2170
5147
6943
9715
7268
5197
2710
6004
966
1108
5535
7612
6755
2995
9834
5801
2713
946
8365
4693
9666
5070
6629
2076
6070
3770
6748
8165
3982
2422
1387
6864
3715
2858
71
3738
4213
3295
7512
4256
2760
9818
9751
5949
2184
2054
6965
1585
1805
3997
9640
2273
4297
8418
5840
5973
3039
2254
2936
4531
9614
678
5673
2261
5178
9349
9592
4600
1660
1211
5839
6948
2831
9106
8968
7539
1259
5336
470
3232
8016
174
4302
9054
2600
9724
8579
9106
4047
1854
7808
6110
9054
7279
4749
2410
1986
1809
708
6849
9500
2630
1806
2133
2657
6159
8199
6976
5282
2734
8416
5369
550
409
1011
6111
5490
1934
2288
3317
7611
1997
5190
5274
8707
871
1902
5156
2559
7489
6369
9720
5753
3749
8490
2776
769
469
2342
9833
3422
6476
9608
9200
6211
9363
3385
7561
5100
7229
9437
308
9783
9856
9776
3452
8112
3041
5855
1253
7333
4202
9843
8242
8904
7594
71
4208
659
6921
2443
1282
7429
9366
7346
1561
3946
6432
6726
4576
746
8909
8236
98
3608
4602
7825
5144
6074
5472
1779
1251
9944
1951
2108
402
1069
1578
4569
2769
9003
8238
8314
4542
6267
1648
4770
6089
7313
1506
4109
7703
9342
3778
8385
9955
9808
5200
6477
9026
6564
2041
6431
929
6172
2677
9282
1645
6651
7401
6420
7583
748
9177
2437
7458
9811
206
1723
4674
6299
3408
9907
2451
8575
8608
4866
763
3492
1109
1225
6205
5667
4289
5847
9699
4229
3838
4040
7191
2647
6075
8699
7166
4524
2781
5778
9714
5314
6644
1442
4682
7756
2123
3498
344
4511
59
7825
5614
1145
1245
8216
4750
8427
4666
3646
3917
5383
2001
3554
8979
8212
7059
3299
7154
1390
5679
3796
8177
3739
6629
5931
1988
5448
1145
536
3369
5618
3143
1203
9617
2689
4781
2270
4889
9311
5737
954
5988
6054
2959
1173
4087
1287
7111
2768
8528
3782
6258
6383
6660
8867
8935
7642
7892
468
1598
625
4715
3117
3959
9468
3558
3026
9384
7712
1425
7171
9986
9629
954
2006
8223
7572
2228
2595
9594
7142
1419
504
5658
584
8142
9101
588
8899
9150
194
7532
1735
8433
3956
4753
256
9859
398
2242
2208
6827
7468
6521
7116
8069
7659
7090
2819
2161
477
2559
8921
3879
4872
5164
2770
2484
5566
4170
5737
934
6935
4778
3744
9857
2954
4999
530
3195
5995
9344
1668
7066
7230
961
2843
2552
1145
3326
6967
688
4728
9179
8572
5544
3114
4651
3601
2010
2905
5811
5969
2097
1335
9065
5055
4940
2979
4814
6071
706
9563
3894
9904
4355
1740
8704
7053
2327
9893
7430
4387
6917
2345
1411
5220
2354
2530
7435
3257
8932
2851
2764
1535
529
54
8783
5641
3193
8885
747
7059
2413
3556
6758
4886
874
3018
5961
9431
9542
3841
2559
7451
4662
1331
8841
4469
7241
2612
2529
3231
645
367
4249
1559
8124
1865
5936
8576
4938
4881
3888
9818
5550
3161
9575
6940
8579
7454
5807
8398
585
1890
8748
3139
6437
7227
3346
4931
5522
8501
6001
9206
4978
5394
6462
2396
8661
9778
6319
9882
8388
5677
370
7360
2075
397
2586
9061
7985
7801
376
6419
7365
4092
9970
2512
5478
1477
9058
3649
7071
2119
9742
6851
2622
7984
863
9204
6928
7126
9792
1323
3067
9293
7013
552
3606
1398
8917
8230
2345
6226
8870
4237
8845
9908
308
4052
8671
6036
9085
4948
5094
2815
5820
6936
9262
2684
1215
3681
1841
7785
2472
3397
4802
3508
7341
3623
9541
3159
8860
4258
6078
1706
9022
286
4788
7612
1206
3654
9122
7116
4583
6160
6138
273
9871
4315
5014
7386
4724
9687
5261
2240
2538
1294
1534
2359
9230
1233
6251
7123
4369
3405
7781
7544
1668
8908
5168
8825
6893
2807
4243
7058
4484
553
4127
6929
2908
1503
857
6575
161
5036
9398
4957
4442
1849
9874
6137
2107
7993
6749
2240
1691
3051
6546
6061
5932
1993
2724
3376
876
6269
9016
8042
2039
3491
4570
4420
3111
8137
2253
2943
7385
9266
4386
438
1325
6299
595
4143
5530
1317
1437
1201
5131
3841
3800
7744
2250
3065
3893
5507
2504
2523
7331
7447
8246
5665
1965
4124
6850
5851
8115
1517
8322
431
3620
4221
1110
6742
1349
125
3917
5079
3792
4394
727
8417
6572
4179
2226
6562
7477
7848
4468
6293
4184
6125
6803
632
3742
3630
1588
1739
5906
2030
4862
5972
5616
4200
4586
160
3595
5878
3482
5540
3611
8799
9299
4930
1810
714
3624
486
4394
8481
3204
5872
2989
9138
1363
7532
9151
9871
3406
2765
3964
2165
1874
3560
810
9849
812
5324
6890
7534
8019
9024
593
948
3041
6997
1181
7514
4079
6154
2327
2948
9293
5071
3860
5751
9723
4465
3878
3713
8310
9571
6309
8918
9714
6014
8646
9878
4385
1727
1030
7306
4189
95
902
8477
2328
1280
8690
5863
3469
4834
4415
6771
754
7286
6209
9331
1245
7050
8662
410
8032
6787
5635
5431
6562
7001
1369
6721
2859
1404
2723
3326
8364
5956
2302
7630
6169
566
6197
6388
5124
6066
6248
2916
7288
9721
8409
8935
3934
3996
1748
4892
9727
4480
4168
3226
2966
9198
805
9712
6033
1959
5652
8589
3092
532
5917
4763
58
1755
682
3477
1114
6525
662
2346
4578
541
2016
3770
6626
4331
7234
5885
6535
703
1785
5331
8786
4849
1856
1318
6196
7892
477
9883
8521
9235
1032
968
9359
8419
7652
2559
3537
569
4491
8696
3316
3477
3882
6637
7997
6923
1846
271
6492
3298
3065
1159
4362
5270
6269
1110
1323
3000
116
285
1807
3413
2049
5417
4539
8259
7239
9926
958
4968
301
7940
9107
9957
3642
6343
8931
3552
1122
3448
3252
8335
2285
4153
305
2752
4064
1990
4503
3094
363
8935
9722
1021
7550
9938
3842
7022
7385
8125
2613
2495
1950
2977
3442
8690
7461
3002
6295
749
9564
1819
8800
7801
7481
254
701
3988
1597
8601
8206
1554
7559
8028
5341
8736
5154
7719
6041
7193
4988
3897
2218
1713
8788
3218
1094
2639
670
4058
3599
9527
5607
8571
6230
3797
688
5481
3040
7910
3497
4483
3971
9664
779
2497
1838
5698
4833
7836
2259
566
1572
5325
8737
4547
7330
5453
7634
7232
3019
6732
8589
354
8791
654
729
3062
2535
3391
624
6810
9606
7639
2203
4373
4716
7033
223
5175
1680
6613
1652
5467
1510
7069
4046
58
7788
3477
6074
3257
2813
4004
1383
610
9873
2679
4398
8816
4081
7188
7359
2691
7562
3083
3881
8132
6958
4729
4198
2323
3473
5750
3457
2444
2742
9151
4725
9768
7399
7934
2691
2623
6507
3381
1295
8106
7719
5673
7400
3879
3828
8059
1122
6087
5784
2034
2370
7105
9732
4948
4485
3513
6761
932
61
139
4776
2181
8985
9073
1173
4924
8448
7173
7991
6499
8794
8032
2799
7226
1995
160
1970
8984
5997
6456
3044
5264
2553
7681
515
8351
145
4462
4221
8017
4685
1278
7295
3443
8672
6555
2156
2243
4070
9423
2390
1379
8860
9606
2859
253
2092
366
9007
7600
5908
4107
8450
9577
66
8775
4398
2781
4910
1814
1344
1602
84
3544
9696
110
860
3144
6526
4263
6120
6225
3339
2937
5818
8865
8849
8566
1087
2437
8768
7239
1467
7347
1655
1009
8802
551
9915
1971
8736
9877
9814
2108
8215
9629
1231
8969
2771
9069
8081
5388
4155
9072
43
1560
517
4804
325
3641
4278
6202
5785
5136
9286
9398
2533
4940
2156
5286
3788
7684
603
4335
339
3345
4568
5698
7487
3289
9927
7006
1208
4854
7809
847
7946
1701
5348
8949
7449
7497
1463
6399
7214
8000
6265
2294
2034
1982
7013
9238
7381
8325
2067
4887
6636
8614
3470
9146
4901
6881
9389
3135
8776
1993
1441
7459
5532
4067
7946
38
9778
1244
2214
9690
5330
154
5399
5016
7905
6187
4304
4781
3020
2058
5708
7570
5219
9168
7099
1129
5940
9206
8121
8867
2035
7305
3164
4974
2852
9591
3675
4028
7045
6901
2278
863
1866
2691
9398
4272
3478
6327
417
2719
2002
6134
9737
7764
5534
2961
67
7444
5154
1196
7247
4943
975
4938
9689
1638
4422
7940
330
971
9428
6904
907
192
2106
5198
2984
2081
6741
9494
1533
2030
8718
2749
8448
5584
5760
5775
7722
2285
7776
6582
3331
3623
7630
8272
5545
3630
2904
4159
6333
4502
6309
1225
2826
9187
3397
3904
3010
1425
5170
6012
695
6288
4818
6516
8819
9388
4492
9916
5413
1434
21
5961
137
2303
9718
8671
2578
6523
5388
2555
1958
6450
9915
3244
9366
1003
1792
7932
89
7058
3682
7485
3220
8312
7603
5631
2024
4234
1753
5294
1479
8191
4627
3400
932
8746
2762
9227
6663
6016
8583
6013
2170
9331
3675
2294
596
5725
8382
4679
6143
617
7271
3454
2135
1499
2933
3025
4737
9407
3976
4424
4037
9678
9983
503
2218
1518
6191
4377
6445
6129
7548
7144
862
9629
1127
8473
4855
6668
9300
8709
7945
7241
3255
2129
68
2219
2475
7439
883
9135
222
8861
8658
493
7212
9371
3534
7437
631
8971
7543
1266
9680
9329
1028
7076
356
8858
1043
1420
3654
3417
1291
5672
6437
7035
1296
5118
9946
4476
3058
7773
6832
6051
8899
3887
4480
2888
9507
9644
2823
9702
5002
8440
3191
5948
129
4587
7095
8557
1021
1329
408
4455
5625
5272
917
4897
2814
1367
9925
3117
5330
8191
7073
7469
1499
9481
9260
4033
7982
926
8084
5983
2281
6070
2596
2332
5033
6216
3475
3286
9352
1136
7917
8628
6470
8286
5083
2261
2051
4411
2833
4917
7607
3671
9109
4478
5246
8510
4999
7931
515
7657
5793
5752
6600
8480
5996
8613
8367
8333
3564
1257
6809
8812
1465
9011
6680
8206
412
5132
3602
6781
9906
425
7733
9498
8016
7372
7217
3714
4099
9273
583
3455
1618
1814
3532
490
3955
7868
7289
1662
1846
5643
2979
7433
626
4730
9010
7020
7914
3691
6128
753
1500
5580
8671
1579
8134
234
1863
5001
6117
2480
3340
885
2763
9454
2536
9593
8284
9877
8250
8305
245
7422
3578
907
4746
4250
215
8443
8523
148
5696
7371
802
867
2603
2048
4747
7228
5589
2456
6752
5476
4983
1807
9824
802
801
5520
668
179
6757
8664
926
3143
1459
1607
5430
5913
253
9216
178
6029
1862
1200
9241
3969
4699
139
6100
3766
3230
4177
5817
7016
2587
1296
4502
7912
1674
5507
5654
3675
4208
9848
4803
6843
6785
2928
9977
3995
2870
975
611
3656
326
1555
5284
9771
8277
9105
8515
4507
6502
5243
1412
464
8270
2109
1215
3394
1399
6135
2672
7296
525
4789
426
6876
7257
2810
3576
1875
7655
2764
2370
2475
7382
1224
1416
8453
9627
6518
5374
1777
6114
6775
4836
4641
51
7051
5393
1654
5037
8031
5116
4518
9281
6483
6806
7728
3982
4762
567
3446
6308
5194
8947
4984
9047
4500
3561
5394
1522
7085
1896
3515
309
7083
9950
5710
8925
4843
7551
4038
7855
799
6574
5171
9697
2950
6491
8617
9156
5507
9177
5399
9425
6063
5851
6693
1183
9049
1386
1062
46
7916
6613
7997
852
330
5974
2620
2642
1076
397
808
498
4587
603
2616
9103
8257
5421
732
2912
3657
611
6683
8322
4909
4668
2852
6993
1565
2944
4470
7395
4405
1354
8091
6258
9848
9327
1567
1092
4409
8079
9983
8809
808
1159
8124
4304
4265
8433
6670
3989
1360
8089
8965
7499
8089
7484
5691
9970
3732
7359
7558
6117
4109
7785
2281
7060
4393
7966
490
297
3389
7514
2878
952
441
1174
2481
5975
2898
1545
1202
6744
6157
8350
6026
1200
1030
4286
8301
709
2784
1034
3145
2968
1240
7192
7931
1020
1058
2871
5298
6115
3125
3744
1931
5540
7026
4619
331
5610
5615
1787
731
1036
2979
1351
6861
484
8298
726
4557
4575
5095
8262
163
8800
9961
8569
3205
9441
3702
4861
7066
8439
5141
3735
745
7184
4408
1051
3519
2924
4230
26
2191
3989
4598
536
3251
7357
7063
6168
2993
2291
8125
7111
6106
1713
7493
7122
284
9892
5338
5861
2726
9577
7216
9602
2779
9281
5646
121
5392
6497
2569
1466
8736
6392
2219
2244
4560
4685
2162
4793
1164
9621
9860
656
3103
4350
6016
4854
8994
2619
4272
1715
5788
5005
1820
277
5911
9754
9256
1403
6819
9596
5965
911
4068
5560
9924
1232
7127
6826
6318
7931
4914
1738
4738
4438
3928
4461
9790
4266
2684
2554
1374
4986
2557
7366
7227
4500
96
383
6746
1218
3164
50
6869
9341
3550
1898
4807
7904
8060
2518
6545
7572
8135
5861
8938
3725
7161
9728
4723
2256
990
5940
3928
3903
8144
138
2770
7651
3738
8149
6537
5861
2974
3544
3831
5257
9362
9217
2712
7191
1860
4710
9229
6631
2958
1162
6752
6184
6742
4796
5858
4430
6476
9741
3312
9398
4438
892
292
5319
4921
4751
8232
2758
6685
16
4837
981
9747
4162
1417
1850
5091
4542
8823
1208
3021
718
4441
8828
689
805
2848
1494
59
6602
1036
1938
8006
9631
8919
7186
4049
4498
4219
9658
2574
5247
4836
6439
2295
6688
512
237
1052
9554
9683
9739
5399
3429
2456
8605
9745
9008
8753
6878
9485
830
479
3752
6050
5913
2381
7530
534
9425
1623
5540
7189
6617
7624
6946
4017
5183
2225
131
6275
7814
9621
1301
8448
2450
7857
7262
2344
4063
8585
1033
9175
1693
8749
9900
3358
2796
7771
8866
5356
2785
4287
489
7621
274
8389
9546
6405
7108
1646
7169
9726
6270
8624
3512
7244
9129
8744
676
2346
598
3068
6955
5950
1388
8843
2977
9215
8637
6037
7614
7671
8948
5111
813
4611
9774
3198
403
4583
5090
749
2026
2750
7853
4570
4314
4111
8862
770
2579
6620
267
9437
9689
6116
7615
972
8428
4216
2193
2959
8322
4587
8849
7603
420
7490
3425
8328
4514
2251
557
1665
2212
3753
2681
7749
382
397
694
1890
7214
4561
6657
5569
4213
1967
6232
8788
2544
5294
9082
9036
6387
6876
2777
2120
3921
2663
3102
7479
8361
5317
4586
3886
8960
9971
1653
2517
6840
2394
6949
5676
4634
4766
1644
3852
1093
3409
6765
7480
9442
1589
2509
2817
6499
430
5075
4281
2216
4869
9067
1407
5582
3209
7917
6137
501
8303
628
7632
3612
267
6606
5573
6683
6215
2303
6753
5916
8064
3394
1226
1414
2176
2637
4770
3240
6485
4416
4298
751
2929
4362
8275
292
3339
3032
6629
8789
802
6875
7352
3886
1250
5189
3120
1972
3087
3727
1878
14
4606
7850
9953
6496
5459
3872
7299
2933
1237
454
3071
2136
4494
9809
4665
7071
8655
3393
822
9653
3552
7983
7714
1107
4916
4622
5361
730
2331
8881
2493
3343
113
2521
6254
3187
3251
8905
2727
3054
7746
3352
5549
8616
9057
2226
4467
1187
9417
3788
3920
184
9387
5746
2498
1725
8933
6894
7980
6752
1086
7063
9435
2163
2411
9796
7974
7668
4628
8907
2836
6423
5601
1563
9911
1730
6317
2306
5734
5605
7933
3500
2632
6836
4954
1577
8140
1890
6201
3225
8566
9227
8748
1174
3764
7119
8322
2558
9198
54
1769
4140
9884
2260
8148
2370
6849
6283
6327
3957
9061
8231
6575
1285
6257
6986
7823
3368
5508
9893
7765
6098
6546
1663
5243
8178
9979
581
7721
6588
5946
9502
6519
8814
4724
1898
9376
7154
5488
8807
5123
463
7574
7711
7123
5996
7040
4049
5374
99
5213
794
2635
8557
1364
5280
3932
127
8230
8987
5379
2913
3932
6592
9745
5559
2879
9467
6602
9422
5751
4921
2132
4948
2091
2160
7725
3604
1607
4283
1852
6141
732
8565
7040
6367
8273
1265
5334
2161
6951
3620
4982
2193
2794
2672
7900
1305
2051
1965
2676
3786
9258
8358
1998
4008
8713
6574
4018
6098
1804
6077
3533
5196
9525
6763
1401
2155
6012
4791
9930
940
2739
5316
917
5537
5207
5537
491
1961
6770
4163
9539
539
9374
5362
6550
5519
9012
5757
1508
6905
1890
122
5716
6499
1147
3198
3208
2165
217
8837
31
5460
7133
5855
4004
8980
5175
3144
1107
1211
5425
3841
2236
9412
5189
9808
9296
1628
6159
5105
7528
3597
8910
2999
6069
7141
532
9364
2099
3362
5196
592
8838
7612
4027
8809
534
1695
1087
5288
295
9859
788
9164
2385
7050
7493
1813
2767
9445
7312
4206
2691
6179
5778
9768
6966
3959
1090
7504
2716
1253
6842
4140
5046
4874
8703
1543
8897
8933
9009
1558
5644
1189
5614
5430
8472
4480
7602
5301
6632
9612
3817
873
9079
894
7412
912
6056
7758
1098
5270
4233
3475
4726
6541
6401
7456
1150
9372
3032
1274
6164
7382
9126
2277
2565
6677
7475
6666
9246
3
9470
823
5791
3653
3481
5971
648
996
8545
9932
6255
7082
8604
5167
8164
4790
6907
9347
8172
6411
6303
7667
2745
7979
2584
3206
2155
3131
3320
5581
1439
532
501
2216
5461
7350
2894
5589
5312
6264
2293
8726
4711
3888
75
8094
2408
6171
1241
2872
1660
3994
3962
9491
9462
5002
6838
3054
6661
3390
2889
8060
3448
8123
387
8068
289
4320
2104
4840
8146
2064
6375
3296
6372
7869
7880
739
5031
8546
1983
2673
2020
8477
5213
4639
2478
4855
1637
1071
4758
9745
876
8252
6286
4862
2921
2127
6741
7015
5565
9393
8817
4751
4236
5518
91
1075
2089
6738
8916
5917
3936
4035
4102
7558
3740
9914
421
4981
8409
7471
4132
4713
3012
8240
7123
3278
7566
4365
198
5359
4047
6963
9730
585
2311
3380
7968
8888
1696
8752
7204
3809
3024
9810
4647
4234
9723
8040
3392
6425
3733
1040
9153
2344
8948
5276
3053
1266
3812
9954
9976
4429
2756
9843
9687
2884
4877
6582
6583
2943
5859
672
3081
8289
2532
2497
6826
5486
3966
2046
3089
9895
6557
4727
9362
3572
5538
2597
1296
476
6383
786
6015
6148
702
1124
7702
3330
9906
1015
9811
4284
7381
1750
2345
82
7312
4118
8997
4133
8921
6959
3998
8914
2615
1576
3019
5519
2337
4014
7934
6385
6868
4625
686
8456
6003
7387
3490
6951
7497
4509
2345
9635
9338
4343
2695
568
6279
9348
9610
6371
3712
9824
4875
3775
7860
1335
6863
1887
2100
460
3101
5493
3350
2210
4970
2141
9734
5082
8928
3273
7430
6042
1965
6137
1253
6406
6744
2054
1246
6446
4574
6940
3223
7972
5755
3522
5594
2136
1892
9319
3505
1938
1856
1483
7418
6587
5159
8919
298
4328
5251
5466
7662
5284
9811
6368
4764
3144
8927
6161
1080
9690
2533
5508
371
6432
2561
7790
2605
7183
1692
251
6155
4260
7996
7576
2948
1326
3113
8810
9061
5446
7695
2158
9924
6541
3999
78
8834
6800
4368
7421
1386
5946
3539
5151
8790
2775
1828
6680
2512
5696
5036
2560
2278
2135
8963
5135
2007
9088
8803
7946
3658
5627
1288
9002
861
3034
2052
790
2571
4915
5295
525
4103
3571
2939
290
7765
9213
2885
4132
8264
7102
3608
2168
4486
3262
7339
3061
4551
2726
2763
5676
4588
216
8547
4786
397
5455
5863
3580
7723
9428
9409
8198
8036
8282
1362
3072
276
8487
4890
277
8185
9359
7763
1513
6447
5262
1543
3310
4297
8610
3
8451
1121
4131
8451
5418
7271
7456
8172
1380
534
6823
7560
9884
5652
7697
4380
8268
2472
8072
2134
4464
9285
9701
3778
4613
7861
9962
3244
6381
6497
6025
2767
307
6012
7775
2732
9749
1936
705
631
7043
8688
193
8923
5778
4460
4621
9341
2157
7075
1572
2301
7384
7779
3174
4537
5170
6940
9575
2093
3880
4722
8911
2181
7296
8721
4145
611
4216
9323
5926
9739
2987
8557
3157
3579
9789
8304
4530
5400
7076
2810
9504
3140
8339
8741
756
8060
5043
712
6584
9870
8208
8481
4488
487
5934
1780
1260
2858
3783
733
3634
3549
6610
9425
3944
4494
2304
530
5315
4371
8214
5058
9967
1134
5251
2031
4452
6767
1165
3901
113
1955
4876
5505
4231
8539
1010
5785
2133
535
885
6537
3563
4353
4219
7888
381
8663
5665
4249
4070
3008
664
637
4118
351
9820
1830
5626
9173
9186
9967
9655
6449
3694
1095
9970
1171
8222
9428
190
9406
8791
7188
4595
7547
9786
4766
5048
346
258
1879
3422
9636
5868
1121
6120
4236
3667
2558
4762
7731
8264
2738
8797
4267
4475
8486
5980
3235
8072
729
222
8209
1200
321
9872
9311
1283
2191
4990
3612
9671
5312
190
9634
5640
8512
602
9463
4076
3818
5416
4509
3521
1962
3735
9461
9734
1811
9720
5409
2819
604
9495
8022
1669
2645
9572
5872
1018
2263
7938
3183
8357
6314
5612
7024
2047
8512
943
8967
4379
9838
7832
4903
9651
2971
7194
6180
6484
81
5051
9711
6451
8705
621
5473
5626
4275
3460
4291
5316
6826
393
5546
8352
2118
5994
8432
4741
611
2363
6205
5827
8063
1213
133
8545
1337
3353
1130
7737
4581
3146
4802
5836
5932
8372
6100
4099
9616
6645
9420
8195
6925
7622
3886
9324
1146
6701
1527
4158
2255
435
9550
4921
5761
9309
7642
4415
8809
8441
9165
3096
8226
8583
7342
418
8401
2705
2517
8147
3519
4025
4143
4397
802
3757
465
3212
2282
7513
9353
1343
9831
618
1439
7760
7671
3834
9467
1186
2477
3021
9777
6
5757
6791
3127
8634
2676
7496
4599
9599
7509
8085
6735
3701
5918
7459
3766
4901
489
6850
2777
8106
894
9701
5876
1613
4374
138
5804
4540
1578
2778
4824
8551
4698
7614
8880
855
569
5611
7054
1546
470
3484
8801
3647
581
7548
4961
1130
2348
7244
4380
2053
5114
8263
8943
4452
8049
8127
7360
8131
5636
7347
9192
3390
3756
2928
9230
2828
5205
2401
5503
8793
3861
3236
9385
1791
9596
4330
5382
1793
8054
4267
3031
6403
2798
452
9430
3465
6253
9902
7501
9978
368
348
7012
2768
103
1201
7989
8351
6650
5387
5341
5360
3286
3440
3307
826
2101
3603
2490
4875
508
3187
3675
4808
381
4785
7868
8015
5789
9947
5061
3717
2096
4762
2705
7489
9504
5412
969
5139
1645
2511
6412
995
3646
3251
2027
5122
7206
9051
1440
7567
3569
2472
3231
7192
3373
9553
1221
5098
9190
9322
9533
8408
3578
4912
5826
4132
6267
2255
9454
3581
5474
3873
464
5685
7937
2595
8732
6493
4513
4613
5021
6287
8474
4333
8038
8824
1793
5609
5046
3840
6699
9583
7049
9543
6576
275
6139
126
9691
5637
1687
5039
2526
4595
2526
4938
8690
386
547
8542
1499
7013
8371
9360
6458
6584
3763
2298
4957
1996
5889
6131
9921
5422
5084
2135
8552
8470
5200
4003
6693
7945
6649
1279
9123
8620
1545
2248
9414
4278
9428
5897
377
6496
1128
4021
7910
6939
4171
2628
7685
5182
1981
9016
156
9611
5132
7834
1508
5613
6405
1030
3628
3728
2328
6960
8438
4429
3061
9489
8800
7265
8419
4610
2621
7721
1648
7011
3138
5115
2338
8073
1389
1268
1451
514
8399
8554
4219
4134
9546
3149
2367
5916
6181
2895
7224
6085
3340
3596
3847
2746
6564
2984
1188
2845
5821
2516
7709
5854
4129
7245
4379
8541
4825
8145
5329
2598
8958
6494
2510
8414
4924
7449
7233
4536
1971
920
8924
7877
375
3021
466
7014
7592
7999
8554
6511
8188
9958
9301
4537
759
9971
8332
8916
1485
1450
1586
5848
6750
3037
6104
5958
6480
4950
5392
3680
4059
464
6986
8353
4269
3634
2506
794
9597
4538
7610
5178
5261
1138
3419
8249
9753
514
8247
770
4765
9650
3010
1259
3619
1209
5103
3762
9256
183
5935
2390
3520
3515
3700
8638
160
98
4195
4154
7210
2925
2296
932
1702
2205
1763
1442
5387
1822
4385
9948
845
2925
6262
8196
8208
9655
389
3718
6490
6512
2690
2398
1031
3181
2814
7217
3398
6958
4466
6681
1329
5403
7383
6816
9738
5610
7746
3192
2944
4635
3213
3476
5569
6592
6512
8679
2281
9020
2975
9703
7401
8822
13
1917
3059
6954
734
3372
850
1212
6218
7964
1382
3306
7693
9970
9052
574
2747
478
6621
988
4321
1408
3629
6430
7734
6871
6003
6234
8545
7816
1801
9036
7796
6631
1529
7733
1078
5525
2471
6864
7679
9847
5566
8317
5180
4238
2514
9996
2626
9576
7477
4631
783
4339
1749
7868
9644
3961
4130
982
6191
8637
9693
8055
9404
5120
7276
9028
4427
8047
3451
3997
6614
5677
4796
6135
4905
2185
3215
4696
1724
7260
2188
2879
5628
3153
2413
2349
3813
129
5881
9252
3420
8042
9451
4170
8008
6763
2385
5337
3313
8382
7552
5255
7569
3219
7477
6125
6168
5637
183
9639
8747
1868
1848
1735
9868
1742
5113
9317
2788
7314
4653
4599
6173
163
38
6953
2205
557
7132
9290
5100
6295
6444
8851
9142
3613
6093
9716
2524
1864
7166
8300
3925
668
6154
3396
4739
9119
6382
4697
3920
2721
6001
4485
8758
1484
994
6809
3677
8169
5120
2201
5520
5308
2114
612
4409
3054
6503
2894
9675
9349
6439
9964
8990
9666
8473
2427
6580
8278
2878
269
4298
8530
58
2689
7979
2617
5523
4461
6846
4260
4657
7739
1984
6147
7030
5262
9484
6059
4471
9344
7639
3664
5816
2457
5592
1584
3574
8910
6740
3513
4894
1427
5944
2472
331
1262
1519
2159
6749
9754
8676
7522
1972
9012
9313
7903
1979
2406
1605
6855
1250
1326
1877
3885
1364
1466
3849
890
6376
2034
4935
7995
3986
7601
2925
3544
2473
1266
9831
9041
1668
7683
4241
1559
7149
7000
2535
5796
9767
3375
3576
2360
6396
9308
328
2753
8047
7041
3908
8758
2289
6187
593
2640
79
9291
2365
2357
4840
8575
4039
9795
972
93
1515
4726
9071
2283
5749
6534
4829
78
2199
5039
5176
286
1286
7246
6077
6690
350
4117
9509
9245
5637
7132
1751
5060
9277
7445
4426
9290
867
7833
1161
5547
1781
7107
4031
8241
8065
393
2353
3894
8616
5731
6731
9447
2721
2218
1410
8497
8666
7486
2105
2428
3497
211
5056
8672
688
9849
9190
8455
6415
3175
639
9329
3043
3748
9696
2014
1949
7121
8727
7388
4382
678
5064
7693
5966
6072
2082
4339
108
6291
2209
1531
9551
9546
8348
6308
4538
152
1278
2026
4254
4194
6338
3508
9066
9483
7335
8822
6766
9635
5139
659
7693
4061
9028
8978
5441
5036
6801
428
5784
6489
304
5136
6043
4515
1056
9331
1392
820
9222
3911
4133
2508
3382
2535
4925
6381
3863
8508
5800
8706
7097
9567
6170
9340
4066
7980
8141
5834
5859
6191
8306
8644
6506
7837
9251
1156
2929
8898
8340
3954
6579
7202
1352
2603
7983
8094
1024
7501
4037
6390
2926
1794
4269
3189
9912
6902
375
4877
9304
6006
9581
5888
1743
9223
756
1272
4762
1088
1938
1652
1133
8822
9529
6831
4043
8242
6209
5710
6328
1248
2468
8214
2646
8407
6371
9496
987
656
5526
7754
8644
5460
7329
4915
4530
5415
4946
8531
1491
4363
4294
7261
9308
5603
4571
1010
2066
9141
6800
2490
9112
7578
2953
5649
1778
6773
3839
5677
7783
9853
5268
232
7238
1897
1476
6142
2576
2583
8551
8947
35
8058
2307
4210
6982
5406
590
9502
3808
1608
6209
5815
8820
2094
5047
8716
9927
4464
8197
3975
4977
6338
2437
489
9697
9352
3562
8226
4379
9709
9720
7213
7053
1615
9883
4854
160
2842
69
3385
4474
9439
5926
4792
2608
6465
9715
2393
5128
1965
4505
4058
940
675
2283
4450
1451
5205
5416
2085
4585
5578
3640
7459
5879
2400
6564
5901
6990
7580
3045
9877
6996
7967
4740
1842
8529
3207
6689
7341
2043
3022
2560
1723
6301
7220
7677
5894
6726
7476
3536
4874
9422
389
8123
2490
5859
2591
4865
7212
82
216
1841
4072
1602
122
575
8936
7049
7603
84
6684
6146
9833
8412
477
2646
1848
7069
731
6231
6121
4663
3878
9756
4320
935
1749
6982
1698
613
4391
1650
2657
2190
3972
8007
3766
5372
2078
4623
7642
3024
5145
5058
6641
1810
5940
3325
5795
8815
1844
130
7320
1906
4268
4281
7056
8109
7018
2292
5004
5654
4033
8945
3772
671
542
2744
9398
7789
7609
1940
2976
4042
5066
6815
5594
7734
7589
741
3099
3545
7156
1531
4470
7587
6896
9240
1576
5780
6028
5713
4929
9079
8302
1699
2125
9481
2010
7097
3470
9896
2412
7886
9064
8966
3826
8796
7369
4669
6020
1155
5090
9356
977
9861
406
1935
4295
8414
1470
3806
1102
9424
4550
6236
402
1501
4104
6447
476
1246
2211
8847
412
64
2231
9047
8276
9134
1216
9673
8500
6921
253
5070
1389
5701
7148
7803
7780
5053
1827
7631
5590
2871
8749
1673
6546
9649
5488
1558
7240
4427
4695
1736
1900
2782
849
9170
5990
9722
8965
3023
4633
7181
2079
771
9038
2671
6060
3801
5468
7723
5294
9116
8150
7928
5644
1745
1650
1542
3817
1569
561
4003
6304
7189
6704
7021
6361
9594
8922
9810
8442
6820
7479
6803
5933
6526
2774
8199
938
9823
2210
1739
6289
1944
5780
984
1046
2106
8693
5757
1497
9109
2013
4203
1552
1084
5469
8800
6100
4948
245
4858
853
4106
323
253
2971
4628
6010
3920
5162
4751
6923
7218
513
600
1858
6714
4143
8375
6399
6156
8754
9046
799
6471
3661
5359
8422
2363
6757
3235
76
5976
7449
7495
8897
5489
9420
9192
4270
4143
1777
79
7242
5427
7905
9328
229
531
4459
3580
2468
6790
2873
1239
5722
5963
7962
948
3200
7986
3170
6556
5185
6494
8523
4525
7364
9938
4805
4687
9926
297
3041
2066
9683
6338
5478
6547
9841
24
7198
2429
2297
8063
6337
6780
8771
1290
9340
7453
6510
7306
717
3730
9369
6305
3453
770
5296
9461
3642
6412
4486
8847
3040
8043
8203
5427
1844
7365
6234
6010
1757
1406
3250
1116
5711
7098
3647
4185
7285
6000
8500
5286
1962
3690
9815
4277
6596
1560
2874
1980
670
8964
2529
7096
8689
2208
7189
5195
7966
6140
884
5296
2266
5699
7250
3455
2263
5605
9424
7820
2027
6128
967
1338
4206
6183
4817
3965
2597
8629
3557
9501
5910
3002
3325
6902
2984
2724
7445
7821
2313
6185
1986
5741
5771
3841
3389
8350
9676
3024
1179
5047
5696
3153
7322
4379
2221
1486
1258
2687
115
6315
1205
3979
5014
8243
7613
1823
7593
2907
9440
781
345
2242
2154
3028
675
2698
4264
1693
7971
7280
5620
8942
9162
8630
7346
9868
955
8370
9798
9549
3218
7280
1151
2523
8625
8275
4900
4885
4857
1016
8474
767
8529
3867
5663
698
7414
2067
694
4511
4640
5048
2735
9620
4588
1285
3698
7953
5307
1896
648
9420
5782
2247
182
6320
6092
2669
9447
7884
1018
4129
3589
6920
5398
503
7332
5523
216
6912
7211
2135
8214
701
7984
3358
3914
8337
4974
1838
3394
4052
6229
9504
4371
1139
1423
8078
7243
4437
2299
9562
5218
3321
6519
7083
3356
8427
3534
1554
8382
4613
6060
5244
938
6914
506
688
2937
942
4299
5368
6067
7865
770
1980
8718
5546
6365
6841
3105
4784
5650
4481
9716
1988
8964
1356
3190
4906
1186
2221
538
3510
204
3903
9407
780
7283
5982
3067
1792
7036
3666
9923
9771
9489
885
8922
1503
8021
2134
99
1442
7729
5126
9524
3718
7199
6912
2857
8697
9938
3926
5586
2808
128
1862
9595
1710
6958
3179
6118
3179
4982
4752
4678
5584
1079
8831
6474
8326
4057
3720
7765
7950
9196
5773
1382
7891
8540
9290
9785
5051
7635
7570
2153
1069
9771
8180
9968
125
4206
3005
6636
1939
5212
5974
8624
2697
3416
3374
1188
4115
7408
8931
6314
6392
5463
5930
2271
7407
8912
1182
409
1653
1801
5349
147
3370
6258
1933
4402
1708
4584
9158
6451
9196
9875
5193
2100
8732
3512
3222
1131
6233
4155
6428
1367
1206
5942
1776
785
6974
3086
529
5806
9883
6152
8994
1764
8804
1464
4262
4134
8800
5457
4106
1230
5226
4286
9356
5399
5597
7051
4090
5508
478
6065
3877
5679
3737
8396
9189
8050
4468
619
5157
6316
1600
436
6942
7296
2989
8193
5250
4912
1821
1051
4671
3842
4657
561
7956
7388
5263
2981
9807
4321
629
5923
2196
2776
6807
9279
1931
6213
3669
810
4848
6982
3144
8944
2126
6748
123
6562
4629
9540
8774
763
167
9729
309
7665
1987
2216
6503
1465
3193
6520
1970
4823
877
4739
1092
1873
6838
2574
3717
8767
7366
8209
1080
2354
5859
843
8144
7566
9892
2101
6671
4421
8328
8145
4794
6177
495
4975
1576
5005
9356
7499
4505
7664
8930
7319
2323
6776
9708
3313
9128
3327
2729
2768
5284
4589
3300
9600
738
5097
3761
6504
5501
7149
7428
932
5092
5701
8156
8964
6455
5619
1468
8736
5550
3299
9753
6614
8553
8422
1823
1906
994
3245
5919
9785
8239
4772
5939
4897
5155
8792
6371
3184
6820
2006
2671
4336
3255
770
4908
7452
9367
3441
8140
3258
9189
8435
662
9301
9994
6656
5300
661
7799
3486
6187
1421
5325
4332
8374
3298
5929
3439
3147
6483
5015
5062
4191
9304
5495
4795
9461
683
9101
3129
7745
7709
642
4293
9051
1735
7160
9754
9071
5311
1195
2485
1026
3027
9555
954
7519
2869
1830
2992
5518
994
6715
4592
118
3056
920
6981
7418
2788
1629
3584
3519
9310
3849
9724
5934
8130
650
8024
2868
2595
3027
3158
4982
2205
9061
1200
7986
3919
4944
2786
5569
1428
163
7175
457
8205
9727
5651
9759
8540
3913
3594
2778
5887
7615
7212
4338
9367
1922
3326
9958
3605
2033
1238
9485
528
9030
9299
6261
3717
5690
3766
8104
7787
35
753
6972
1249
2798
8874
2297
823
4024
1723
1509
4326
1318
6154
2379
7245
1252
4704
6939
7545
6266
1945
2922
9584
43
3527
9146
5130
87
338
6533
2172
8577
9040
1043
5106
2522
7981
891
7128
4908
5783
4021
5734
4595
7129
7422
9350
1157
754
1461
179
595
4801
7266
2368
2743
6048
198
7361
7437
9290
6302
6442
5822
3849
2129
1827
6904
4736
5881
7716
4473
1010
6078
2803
5770
7230
2334
9367
7929
2696
1481
935
6398
1380
4008
1845
4191
2241
3133
8032
7535
560
3894
6906
8849
3360
1499
296
1242
1400
5799
9023
8388
8896
4036
8225
2367
8140
8239
7203
1347
3365
9738
2938
6224
374
288
1074
8918
4304
4979
4523
65